        3    21 
        4    18 
        5    25 
        6    26 
        7    26 
        8    27 
        9    26 
       10    26 
       11    29 
       12    27 
       13    25 
       14    27 
       15    26 
       16    31 
       17    32 
       18    28 
       19    31 
       20    32 
       21    31 
       22    32 
       23    36 
       24    37 
       25    36 
       26    37 
       27    34 
       28    35 
       29    33 
       30    31 
       31    31 
       32    29 
       33    26 
       35    27 
       36    26 
       37    27 
       38    27 
       39    26 
       40    27 
       41    27 
       42    26 
       43    26 
       44    27 
       45    27 
       46    27 
       47    26 
       48    26 
       49    27 
       50    27 
       51    26 
       52    26 
       53    27 
       54    26 
       55    28 
       56    27 
       57    27 
       58    27 
       59    27 
       60    26 
       61    27 
       62    25 
       63    27 
       64    27 
       65    27 
       66    27 
       67    27 
       68    27 
       69    27 
       70    26 
       71    27 
       72    27 
       73    27 
       74    27 
       75    27 
       76    27 
       77    27 
       78    27 
       79    27 
       80    27 
       81    27 
       82    26 
       83    27 
       84    27 
       85    27 
       86    27 
       87    27 
       88    27 
       89    27 
       90    27 
       91    27 
       92    27 
       93    27 
       94    27 
       95    28 
       96    28 
       97    27 
       98    28 
       99    28 
      100    27 
      101    28 
      102    28 
      103    27 
      104    27 
      105    27 
      106    27 
      107    27 
      108    27 
      109    27 
      110    27 
      111    27 
      112    27 
      113    27 
      114    27 
      115    27 
      116    27 
      117    27 
      118    27 
      119    27 
      120    27 
      121    27 
      122    28 
      123    27 
      124    27 
      125    27 
      126    27 
      127    27 
      128    27 
      129    27 
      130    27 
      131    26 
      132    27 
      133    26 
      134    27 
      135    27 
      136    27 
      137    27 
      138    27 
      139    26 
      140    27 
      141    27 
      142    27 
      143    27 
      144    27 
      145    27 
      146    27 
      147    27 
      148    27 
      149    27 
      150    27 
      151    26 
      152    27 
      153    27 
      154    27 
      155    26 
      156    27 
      157    27 
      158    28 
      159    27 
      160    27 
      161    27 
      162    26 
      163    27 
      164    27 
      165    26 
      166    27 
      167    27 
      168    27 
      169    28 
      170    27 
      171    27 
      172    27 
      173    27 
      174    27 
      175    27 
      176    27 
      177    27 
      178    27 
      179    27 
      180    27 
      181    27 
      182    27 
      183    27 
      184    27 
      185    27 
      186    26 
      187    26 
      188    27 
      189    27 
      190    27 
      191    27 
      192    27 
      193    27 
      194    27 
      195    27 
      196    27 
      197    27 
      198    27 
      199    26 
      200    27 
      201    27 
      202    27 
      203    26 
      204    27 
      205    27 
      206    27 
      207    27 
      208    27 
      209    27 
      210    27 
      211    27 
      212    26 
      213    27 
      214    27 
      215    27 
      216    27 
      217    27 
      218    27 
      219    27 
      220    27 
      221    27 
      222    27 
      223    27 
      224    27 
      225    27 
      226    27 
      227    27 
      228    26 
      229    27 
      230    27 
      231    27 
      232    27 
      233    27 
      234    27 
      235    26 
      236    27 
      237    27 
      238    27 
      239    27 
      240    27 
      241    27 
      242    27 
      243    27 
      244    26 
      245    27 
      246    27 
      247    27 
      248    27 
      249    27 
      250    27 
      251    27 
      252    27 
      253    27 
      254    25 
      255    27 
      256    27 
      257    27 
      258    27 
      259    27 
      260    27 
      261    26 
      262    27 
      263    27 
      264    27 
      265    27 
      266    27 
      267    27 
      268    27 
      269    27 
      270    27 
      271    27 
      272    27 
      273    27 
      274    27 
      275    26 
      276    27 
      277    27 
      278    27 
      279    27 
      280    27 
      281    27 
      282    27 
      283    27 
      284    27 
      285    27 
      286    27 
      287    27 
      288    27 
      289    27 
      290    27 
      291    27 
      292    27 
      293    27 
      294    27 
      295    27 
      296    27 
      297    27 
      298    27 
      299    27 
      300    27 
      301    27 
      302    27 
      303    27 
      304    27 
      305    27 
      306    27 
      307    27 
      308    27 
      309    27 
      310    27 
      311    27 
      312    27 
      313    26 
      314    31 
      315    29 
      316    34 
      317    35 
      318    35 
      319    37 
      320    35 
      321    35 
      322    35 
      323    35 
      324    35 
      325    36 
      326    37 
      327    40 
      328    41 
      329    39 
      330    39 
      331    41 
      332    41 
      333    40 
      334    39 
      335    40 
      336    39 
      337    42 
      338    44 
      339    40 
      340    36 
      341    41 
      342    39 
      343    41 
      344    39 
      345    41 
      346    41 
      347    36 
      348    36 
      349    36 
      350    37 
      351    37 
      352    37 
      353    37 
      354    37 
      355    37 
      356    34 
      357    33 
      358    33 
      359    34 
      360    26 
      361    22 
      362    21 
      363    16 
      364    17 
      365    14 
      366    13 
      367    12 
      368    13 
      369    11 
      370    14 
      371     9 
      372    10 
      373    10 
      374     9 
      375    10 
      376    12 
      377    14 
      378    16 
      379    16 
      380    16 
      381    18 
      382    21 
      383    21 
      384    20 
      385    18 
      386    17 
      387    20 
      388    19 
      389    18 
      390    22 
      391    25 
      392    26 
      393    26 
      394    26 
      395    25 
      396    25 
      397    25 
      398    26 
      399    26 
      400    25 
      401    25 
      402    26 
      403    25 
      404    24 
      405    26 
      406    27 
      407    27 
      408    27 
      409    27 
      410    27 
      411    27 
      412    27 
      413    27 
      414    27 
      415    27 
      416    27 
      417    27 
      418    27 
      419    27 
      420    27 
      421    27 
      422    27 
      423    27 
      424    27 
      425    27 
      426    27 
      427    27 
      428    27 
      429    27 
      430    27 
      431    27 
      432    27 
      433    27 
      434    27 
      435    27 
      436    27 
      437    27 
      438    27 
      439    27 
      440    26 
      441    27 
      442    27 
      443    27 
      444    27 
      445    27 
      446    27 
      447    26 
      448    29 
      449    27 
      450    27 
      451    26 
      452    26 
      453    26 
      454    27 
      455    27 
      456    27 
      457    27 
      458    26 
      459    28 
      460    32 
      461    33 
      462    34 
      463    29 
      464    30 
      465    33 
      466    33 
      467    28 
      468    29 
      469    27 
      470    27 
      471    26 
      472    26 
      473    29 
      474    38 
      475    33 
      476    38 
      477    39 
      478    39 
      479    36 
      480    37 
      481    30 
      482    29 
      483    27 
      484    21 
      485    20 
      486    20 
      487    19 
      488    21 
      489    21 
      490    21 
      491    22 
      492    21 
      493    21 
      494    21 
      495    10 
      496    15 
      497    12 
      498    18 
      499    17 
      500    15 
      501    15 
      502    15 
      503    15 
      504    15 
      505    18 
      506    16 
      507    17 
      508    16 
      509    10 
      510    11 
      511    11 
      512     8 
      513     7 
      514     9 
      515    11 
      516    12 
      517    12 
      518    15 
      519    19 
      520    24 
      521    23 
      522    24 
      523    25 
      524    25 
      525    25 
      526    24 
      527    24 
      528    24 
      529    25 
      530    26 
      531    26 
      532    25 
      533    25 
      534    26 
      535    24 
      536    26 
      537    23 
      538    19 
      539    19 
      540    17 
      541    17 
      542    16 
      543    14 
      544    10 
      545    12 
      546    12 
      547    13 
      548    10 
      549     8 
      550     8 
      551    22 
      552    26 
      553    22 
      554    26 
      555    26 
      556    33 
      557    27 
      558    27 
      559    27 
      560    27 
      561    25 
      562    26 
      563    27 
      564    27 
      565    27 
      566    27 
      567    27 
      568    27 
      569    27 
      570    27 
      571    27 
      572    27 
      573    27 
      574    27 
      575    27 
      576    27 
      577    27 
      578    27 
      579    27 
      580    27 
      581    27 
      582    27 
      583    27 
      584    27 
      585    27 
      586    27 
      587    27 
      588    27 
      589    27 
      590    27 
      591    27 
      592    27 
      593    27 
      594    27 
      595    28 
      596    27 
      597    27 
      598    26 
      599    27 
      600    27 
      601    27 
      602    27 
      603    27 
      604    27 
      605    27 
      606    27 
      607    27 
      608    27 
      609    27 
      610    27 
      611    25 
      612    27 
      613    27 
      614    27 
      615    27 
      616    27 
      617    27 
      618    27 
      619    27 
      620    27 
      621    27 
      622    27 
      623    27 
      624    27 
      625    27 
      626    27 
      627    27 
      628    27 
      629    27 
      630    27 
      631    27 
      632    27 
      633    27 
      634    27 
      635    27 
      636    27 
      637    27 
      638    27 
      639    27 
      640    27 
      641    27 
      642    27 
      643    27 
      644    27 
      645    27 
      646    27 
      647    27 
      648    27 
      649    27 
      650    27 
      651    27 
      652    27 
      653    27 
      654    26 
      655    27 
      656    27 
      657    27 
      658    27 
      659    27 
      660    27 
      661    27 
      662    27 
      663    27 
      664    27 
      665    27 
      666    27 
      667    27 
      668    27 
      669    26 
      670    27 
      671    27 
      672    27 
      673    27 
      674    27 
      675    27 
      676    27 
      677    27 
      678    27 
      679    27 
      680    27 
      681    27 
      682    26 
      683    27 
      684    27 
      685    27 
      686    27 
      687    27 
      688    27 
      689    27 
      690    27 
      691    27 
      692    27 
      693    27 
      694    27 
      695    27 
      696    27 
      697    27 
      698    27 
      699    27 
      700    27 
      701    27 
      702    27 
      703    27 
      704    27 
      705    27 
      706    27 
      707    28 
      708    27 
      709    27 
      710    27 
      711    27 
      712    27 
      713    27 
      714    27 
      715    27 
      716    27 
      717    27 
      718    27 
      719    27 
      720    26 
      721    27 
      722    26 
      723    21 
      724    16 
      725    16 
      726    18 
      727    12 
      728    13 
      729    15 
      730    17 
      731    14 
      732    15 
      733    16 
      734    19 
      735    23 
      736    28 
      737    28 
      738    27 
      739    28 
      740    28 
      741    27 
      742    27 
      743    27 
      744    26 
      745    27 
      746    27 
      747    27 
      748    27 
      749    27 
      750    27 
      751    27 
      752    27 
      753    27 
      754    27 
      755    27 
      756    27 
      757    27 
      758    27 
      759    27 
      760    27 
      761    26 
      762    27 
      763    27 
      764    27 
      765    27 
      766    27 
      767    27 
      768    27 
      769    27 
      770    27 
      771    27 
      772    27 
      773    27 
      774    27 
      775    27 
      776    27 
      777    27 
      778    27 
      779    27 
      780    27 
      781    27 
      782    27 
      783    27 
      784    27 
      785    27 
      786    27 
      787    27 
      788    27 
      789    27 
      790    27 
      791    27 
      792    27 
      793    27 
      794    27 
      795    27 
      796    27 
      797    27 
      798    27 
      799    26 
      800    27 
      801    27 
      802    27 
      803    26 
      804    27 
      805    27 
      806    27 
      807    27 
      808    27 
      809    27 
      810    27 
      811    27 
      812    27 
      813    27 
      814    26 
      815    29 
      816    26 
      817    26 
      818    26 
      819    27 
      820    27 
      821    27 
      822    27 
      823    26 
      824    27 
      825    26 
      826    27 
      827    27 
      828    27 
      829    26 
      830    27 
      831    26 
      832    26 
      833    27 
      834    26 
      835    27 
      836    27 
      837    26 
      838    27 
      839    27 
      840    26 
      841    27 
      842    26 
      843    27 
      844    27 
      845    27 
      846    26 
      847    27 
      848    25 
      849    27 
      850    28 
      851    26 
      852    26 
      853    27 
      854    27 
      855    27 
      856    27 
      857    27 
      858    26 
      859    27 
      860    27 
      861    27 
      862    27 
      863    27 
      864    27 
      865    27 
      866    27 
      867    27 
      868    27 
      869    27 
      870    26 
      871    27 
      872    26 
      873    25 
      874    27 
      875    27 
      876    27 
      877    27 
      878    27 
      879    27 
      880    27 
      881    27 
      882    27 
      883    27 
      884    27 
      885    27 
      886    27 
      887    27 
      888    27 
      889    27 
      890    27 
      891    27 
      892    27 
      893    27 
      894    27 
      895    28 
      896    27 
      897    27 
      898    27 
      899    27 
      900    27 
      901    27 
      902    27 
      903    27 
      904    27 
      905    26 
      906    27 
      907    27 
      908    27 
      909    27 
      910    28 
      911    27 
      912    27 
      913    27 
      914    27 
      915    27 
      916    27 
      917    27 
      918    27 
      919    27 
      920    27 
      921    27 
      922    27 
      923    27 
      924    27 
      925    27 
      926    27 
      927    26 
      928    27 
      929    25 
      930    26 
      931    27 
      932    27 
      933    26 
      934    26 
      935    27 
      936    36 
      937    40 
      938    41 
      939    40 
      940    41 
      941    40 
      942    41 
      943    29 
      944    30 
      945    29 
      946    28 
      947    28 
      948    28 
      949    28 
      950    29 
      951    29 
      952    28 
      953    28 
      954    26 
      955    26 
      956    26 
      957    27 
      958    26 
      959    26 
      960    27 
      961    27 
      962    27 
      963    27 
      964    26 
      965    26 
      966    27 
      967    27 
      968    27 
      969    25 
      970    27 
      971    27 
      972    27 
      973    26 
      974    27 
      975    27 
      976    27 
      977    27 
      978    27 
      979    27 
      980    27 
      981    28 
      982    27 
      983    27 
      984    27 
      985    27 
      986    27 
      987    27 
      988    27 
      989    27 
      990    27 
      991    27 
      992    27 
      993    27 
      994    27 
      995    27 
      996    27 
      997    27 
      998    26 
      999    27 
     1000    27 
