          1        534.02976317 
          2        534.17911168 
          3        534.44634992 
          4        534.79798306 
          5        535.19280166 
          6        535.62423521 
          7        536.05353024 
          8        536.47187369 
          9        536.85467286 
         10        537.18920386 
         11        537.47059471 
         12        537.69775952 
         13        537.86385527 
         14        537.97128290 
         15        538.03455213 
         16        538.04599543 
         17        538.02680488 
         18        537.98658334 
         19        537.91985856 
         20        537.84712567 
         21        537.76911082 
         22        537.68787019 
         23        537.61297299 
         24        537.54650149 
         25        537.48940815 
         26        537.45025115 
         27        537.42623297 
         28        537.41937238 
         29        537.42501178 
         30        537.44412781 
         31        537.47495240 
         32        537.51607037 
         33        537.56600254 
         34        537.61762620 
         35        537.67194255 
         36        537.72507614 
         37        537.77571521 
         38        537.82654189 
         39        537.87727011 
         40        537.92509572 
         41        537.96770654 
         42        538.00111553 
         43        538.03022922 
         44        538.05499712 
         45        538.07475802 
         46        538.08690586 
         47        538.08869179 
         48        538.08287149 
         49        538.07054851 
         50        538.05338701 
         51        538.03264877 
         52        538.00910953 
         53        537.98147170 
         54        537.95060048 
         55        537.92364545 
         56        537.89714655 
         57        537.87872555 
         58        537.86365121 
         59        537.85240418 
         60        537.84455542 
         61        537.84190528 
         62        537.84424318 
         63        537.85291666 
         64        537.86377561 
         65        537.87740491 
         66        537.89332445 
         67        537.91370619 
         68        537.93606325 
         69        537.96175009 
         70        537.98570863 
         71        538.00492871 
         72        538.02047180 
         73        538.03137289 
         74        538.03793247 
         75        538.04117234 
         76        538.04021257 
         77        538.03680174 
         78        538.03210421 
         79        538.02684026 
         80        538.02084075 
         81        538.01694515 
         82        538.01616132 
         83        538.01115774 
         84        538.00809689 
         85        538.00457214 
         86        538.00057077 
         87        537.99297245 
         88        537.98626656 
         89        537.97754973 
         90        537.96832300 
         91        537.96286431 
         92        537.95629662 
         93        537.95073130 
         94        537.94830699 
         95        537.94601454 
         96        537.94615579 
         97        537.94731734 
         98        537.94810057 
         99        537.95049371 
        100        537.95536772 
        101        537.96641483 
        102        537.97181618 
        103        537.97411886 
        104        537.97657357 
        105        537.98096801 
        106        537.98624658 
        107        537.99086462 
        108        537.99818175 
        109        538.00605247 
        110        538.01075832 
        111        538.01512028 
        112        538.01871378 
        113        538.01840028 
        114        538.01977247 
        115        538.02125487 
        116        538.02233368 
        117        538.02297881 
        118        538.02391925 
        119        538.02004510 
        120        538.01563509 
        121        538.01347728 
        122        538.00788642 
        123        538.00738742 
        124        538.00581814 
        125        537.99803403 
        126        537.99228111 
        127        537.98913740 
        128        537.98503816 
        129        537.98230870 
        130        537.97917754 
        131        537.97496600 
        132        537.97415682 
        133        537.97289282 
        134        537.97258839 
        135        537.97428350 
        136        537.97539546 
        137        537.97823503 
        138        537.97799800 
        139        537.97945381 
        140        537.97899294 
        141        537.98219066 
        142        537.98686156 
        143        537.98578766 
        144        537.98818415 
        145        537.98648256 
        146        537.98274609 
        147        537.97923847 
        148        537.97635538 
        149        537.97171819 
        150        537.96738603 
        151        537.96406040 
        152        537.96290929 
        153        537.96099709 
        154        537.96203172 
        155        537.95932279 
        156        537.95577075 
        157        537.95841730 
        158        537.95931551 
        159        537.96195510 
        160        537.96348003 
        161        537.96710479 
        162        537.97075097 
        163        537.97450298 
        164        537.97583105 
        165        537.97678359 
        166        537.97942828 
        167        537.98062092 
        168        537.98048625 
        169        537.98107436 
        170        537.98217279 
        171        537.98180331 
        172        537.98043170 
        173        537.97844708 
        174        537.97652308 
        175        537.97599734 
        176        537.97644385 
        177        537.97870915 
        178        537.97911450 
        179        537.97957629 
        180        537.98109626 
        181        537.97923872 
        182        537.97900758 
        183        537.97916479 
        184        537.98087154 
        185        537.98184624 
        186        537.98439646 
        187        537.98562918 
        188        537.98734210 
        189        537.98618684 
        190        537.98231390 
        191        537.98077497 
        192        537.97969699 
        193        537.98374627 
        194        537.98244007 
        195        537.98429870 
        196        537.98910154 
        197        537.99209721 
        198        537.99800057 
        199        538.00180687 
        200        538.00404940 
        201        538.00392697 
        202        538.00274299 
        203        538.00117392 
        204        537.99989126 
        205        537.99550629 
        206        537.99560689 
        207        537.99682681 
        208        537.99888269 
        209        538.00301837 
        210        538.00459560 
        211        538.00520112 
        212        538.00551766 
        213        538.00687844 
        214        538.00509862 
        215        538.00200367 
        216        537.99929703 
        217        537.99096606 
        218        537.98364448 
        219        537.97796095 
        220        537.96736228 
        221        537.95768909 
        222        537.95433971 
        223        537.95208159 
        224        537.95503054 
        225        537.95802896 
        226        537.96345899 
        227        537.96867734 
        228        537.97359300 
        229        537.97673951 
        230        537.98133976 
        231        537.97838040 
        232        537.97659404 
        233        537.97892163 
        234        537.97920169 
        235        537.98099724 
        236        537.98653423 
        237        537.99239767 
        238        537.99670393 
        239        538.00528335 
        240        538.00999240 
        241        538.01256549 
        242        538.01548379 
        243        538.01515503 
        244        538.01410575 
        245        538.01014747 
        246        538.00621071 
        247        538.00023024 
        248        537.99524806 
        249        537.99191573 
        250        537.98866999 
        251        537.98613047 
        252        537.98112393 
        253        537.97665482 
        254        537.97131707 
        255        537.96679467 
        256        537.96552491 
        257        537.96673552 
        258        537.96664577 
        259        537.96786565 
        260        537.96592774 
        261        537.96518557 
        262        537.96351695 
        263        537.96128003 
        264        537.95882556 
        265        537.95857481 
        266        537.95902158 
        267        537.95822546 
        268        537.95910852 
        269        537.95958623 
        270        537.96169174 
        271        537.96605380 
        272        537.97325289 
        273        537.98148383 
        274        537.99045683 
        275        537.99785679 
        276        538.00289917 
        277        538.00987964 
        278        538.01247975 
        279        538.01107071 
        280        538.00998113 
        281        538.00808249 
        282        538.00625302 
        283        538.00334698 
        284        537.99823723 
        285        537.99577184 
        286        537.98797953 
        287        537.98105278 
        288        537.97052542 
        289        537.95909983 
        290        537.95409518 
        291        537.94891118 
        292        537.94653763 
        293        537.94868726 
        294        537.95168166 
        295        537.95769776 
        296        537.96300598 
        297        537.96940215 
        298        537.97168850 
        299        537.97104809 
        300        537.96810900 
        301        537.96743560 
        302        537.96524431 
        303        537.96563019 
        304        537.96574791 
        305        537.97095426 
        306        537.97547546 
        307        537.97972102 
        308        537.98660049 
        309        537.99298550 
        310        537.99748070 
        311        538.00396639 
        312        538.01217365 
        313        538.01698032 
        314        538.02104222 
        315        538.02373035 
        316        538.02045446 
        317        538.01273822 
        318        538.00580031 
        319        537.99708896 
        320        537.98741249 
        321        537.97758073 
        322        537.97005906 
        323        537.96443339 
        324        537.95939047 
        325        537.95543725 
        326        537.95379341 
        327        537.95544333 
        328        537.96048612 
        329        537.96893266 
        330        537.97903546 
        331        537.99249507 
        332        538.00339433 
        333        538.01199921 
        334        538.01905407 
        335        538.02138990 
        336        538.01906509 
        337        538.01287584 
        338        538.00779305 
        339        538.00182134 
        340        537.99883249 
        341        537.99444511 
        342        537.99097257 
        343        537.98587213 
        344        537.97974071 
        345        537.97568652 
        346        537.97418241 
        347        537.97313891 
        348        537.97221243 
        349        537.97051276 
        350        537.97090477 
        351        537.97250146 
        352        537.97169913 
        353        537.97414610 
        354        537.97746764 
        355        537.98138693 
        356        537.98464512 
        357        537.98501404 
        358        537.98402402 
        359        537.98451439 
        360        537.98302142 
        361        537.98072393 
        362        537.97914621 
        363        537.97850545 
        364        537.97730019 
        365        537.97727505 
        366        537.97542434 
        367        537.97637017 
        368        537.98205381 
        369        537.98534945 
        370        537.98960361 
        371        537.99555614 
        372        537.99882318 
        373        538.00248393 
        374        538.00622844 
        375        538.00630198 
        376        538.00463880 
        377        537.99990168 
        378        537.99298299 
        379        537.98897128 
        380        537.98364831 
        381        537.97827622 
        382        537.97089982 
        383        537.96607120 
        384        537.96613853 
        385        537.96625441 
        386        537.97072983 
        387        537.97448828 
        388        537.97949862 
        389        537.98645689 
        390        537.99024571 
        391        537.99484212 
        392        538.00065946 
        393        538.00215389 
        394        538.00756632 
        395        538.00597183 
        396        538.00598101 
        397        538.00529050 
        398        538.00271496 
        399        537.99701779 
        400        537.98969409 
        401        537.98475509 
        402        537.97875771 
        403        537.97313749 
        404        537.96592587 
        405        537.96059419 
        406        537.96022883 
        407        537.96083495 
        408        537.96171444 
        409        537.96232267 
        410        537.96018672 
        411        537.95806121 
        412        537.95821512 
        413        537.95771978 
        414        537.96008885 
        415        537.96411976 
        416        537.96884309 
        417        537.97312462 
        418        537.98060224 
        419        537.98593319 
        420        537.99000446 
        421        537.99382330 
        422        537.99909570 
        423        538.00203205 
        424        538.00292573 
        425        538.00230228 
        426        538.00061933 
        427        537.99707916 
        428        537.99299875 
        429        537.98901490 
        430        537.98666494 
        431        537.98328486 
        432        537.98054679 
        433        537.97867826 
        434        537.97915157 
        435        537.97758049 
        436        537.97707589 
        437        537.97721858 
        438        537.97817228 
        439        537.97815394 
        440        537.98113512 
        441        537.98422843 
        442        537.98658490 
        443        537.99440260 
        444        537.99651043 
        445        537.99590186 
        446        537.99708103 
        447        537.99407390 
        448        537.99449961 
        449        537.99737331 
        450        537.99515542 
        451        537.99479384 
        452        537.99285709 
        453        537.99139932 
        454        537.98649724 
        455        537.98230895 
        456        537.97835724 
        457        537.97391486 
        458        537.96738413 
        459        537.96463978 
        460        537.96244328 
        461        537.96311711 
        462        537.96788794 
        463        537.97254175 
        464        537.97607043 
        465        537.97922670 
        466        537.98444147 
        467        537.98966720 
        468        537.99499502 
        469        538.00191018 
        470        538.00703524 
        471        538.00972147 
        472        538.01413984 
        473        538.01388238 
        474        538.01246471 
        475        538.00649301 
        476        537.99790748 
        477        537.98949297 
        478        537.98280043 
        479        537.97763769 
        480        537.97401089 
        481        537.97134123 
        482        537.97093022 
        483        537.97143732 
        484        537.97069592 
        485        537.97079779 
        486        537.96846943 
        487        537.96518614 
        488        537.96121933 
        489        537.95816321 
        490        537.95163177 
        491        537.94975181 
        492        537.94882618 
        493        537.94997707 
        494        537.95377043 
        495        537.95753609 
        496        537.96382668 
        497        537.97396900 
        498        537.97919132 
        499        537.98525921 
        500        537.98815002 
        501        537.98675837 
        502        537.98060565 
        503        537.97963543 
        504        537.97616862 
        505        537.96867322 
        506        537.96174001 
        507        537.95828136 
        508        537.95290386 
        509        537.95174853 
        510        537.95231854 
        511        537.95120772 
        512        537.94887471 
        513        537.94785981 
        514        537.94687055 
        515        537.94736271 
        516        537.94753973 
        517        537.94784071 
        518        537.95322174 
        519        537.95721082 
        520        537.96157134 
        521        537.96803090 
        522        537.97317007 
        523        537.97957744 
        524        537.98776287 
        525        537.99388743 
        526        538.00158646 
        527        538.00959068 
        528        538.00966753 
        529        538.01048405 
        530        538.01076650 
        531        538.00692324 
        532        538.00282179 
        533        537.99885135 
        534        537.99111543 
        535        537.98383240 
        536        537.97436686 
        537        537.96408290 
        538        537.96057505 
        539        537.96211291 
        540        537.96582267 
        541        537.97319481 
        542        537.97847853 
        543        537.98146775 
        544        537.98883496 
        545        537.99426902 
        546        537.99684159 
        547        538.00122183 
        548        538.00230080 
        549        538.00303628 
        550        538.00375923 
        551        537.99966500 
        552        537.99410899 
        553        537.98667224 
        554        537.98406745 
        555        537.98134231 
        556        537.97522950 
        557        537.96914333 
        558        537.96145448 
        559        537.95561816 
        560        537.95391126 
        561        537.95165893 
        562        537.95006632 
        563        537.95131803 
        564        537.95697853 
        565        537.96077851 
        566        537.96389055 
        567        537.96751708 
        568        537.97062259 
        569        537.97472614 
        570        537.98204358 
        571        537.98900023 
        572        537.99409559 
        573        537.99814374 
        574        537.99800457 
        575        537.99688179 
        576        537.99287993 
        577        537.98691021 
        578        537.98174395 
        579        537.97285302 
        580        537.96572298 
        581        537.96256469 
        582        537.95977866 
        583        537.95962556 
        584        537.96340004 
        585        537.96687231 
        586        537.96757756 
        587        537.96846344 
        588        537.96996183 
        589        537.97412922 
        590        537.97649889 
        591        537.97897152 
        592        537.97933431 
        593        537.97711110 
        594        537.97626043 
        595        537.97473863 
        596        537.97031971 
        597        537.96812189 
        598        537.96659083 
        599        537.96357856 
        600        537.96400464 
        601        537.96973960 
        602        537.97575869 
        603        537.98287318 
        604        537.98967589 
        605        537.99420209 
        606        537.99541399 
        607        537.99669800 
        608        537.99827319 
        609        537.99685974 
        610        537.99923987 
        611        537.99966664 
        612        537.99725504 
        613        537.99505856 
        614        537.99484152 
        615        537.99607227 
        616        537.99633904 
        617        537.99674225 
        618        537.99453789 
        619        537.99237662 
        620        537.99140596 
        621        537.99317563 
        622        537.99297581 
        623        537.99224491 
        624        537.99078803 
        625        537.98932827 
        626        537.99178987 
        627        537.99418396 
        628        537.99577843 
        629        537.99739020 
        630        537.99979438 
        631        537.99975000 
        632        538.00005548 
        633        537.99849669 
        634        537.99754412 
        635        537.99352418 
        636        537.98651375 
        637        537.97841405 
        638        537.96896838 
        639        537.95962178 
        640        537.94937408 
        641        537.94306375 
        642        537.94014129 
        643        537.93901121 
        644        537.93646566 
        645        537.93775600 
        646        537.94357509 
        647        537.95001169 
        648        537.95569512 
        649        537.96021656 
        650        537.96441237 
        651        537.96886709 
        652        537.97183905 
        653        537.97495969 
        654        537.97479928 
        655        537.97712307 
        656        537.97564533 
        657        537.97343566 
        658        537.97050925 
        659        537.96797299 
        660        537.96777919 
        661        537.96945457 
        662        537.96997396 
        663        537.96996403 
        664        537.96720906 
        665        537.97254226 
        666        537.97906048 
        667        537.98456025 
        668        537.98777536 
        669        537.99222222 
        670        537.99746544 
        671        538.00124830 
        672        538.00671744 
        673        538.00736388 
        674        538.00538549 
        675        538.00274452 
        676        537.99892200 
        677        537.99041712 
        678        537.98194182 
        679        537.97221814 
        680        537.96467065 
        681        537.95462940 
        682        537.94933477 
        683        537.94242826 
        684        537.93829800 
        685        537.93863904 
        686        537.93829165 
        687        537.93996428 
        688        537.94578161 
        689        537.95208667 
        690        537.95939394 
        691        537.96693504 
        692        537.97604528 
        693        537.98459553 
        694        537.99479409 
        695        538.00259081 
        696        538.01298255 
        697        538.01700734 
        698        538.01798558 
        699        538.01962041 
        700        538.01633940 
        701        538.00891718 
        702        538.00038390 
        703        537.99042736 
        704        537.98151814 
        705        537.97307308 
        706        537.96575647 
        707        537.95901624 
        708        537.95371412 
        709        537.95145747 
        710        537.94901233 
        711        537.94951296 
        712        537.95254770 
        713        537.95954338 
        714        537.97038795 
        715        537.98029060 
        716        537.99248887 
        717        538.00371600 
        718        538.01121467 
        719        538.01445331 
        720        538.01662740 
        721        538.01412102 
        722        538.01092272 
        723        538.00734672 
        724        538.00173883 
        725        537.99645245 
        726        537.98838745 
        727        537.97843153 
        728        537.97120418 
        729        537.96246504 
        730        537.95920064 
        731        537.95610522 
        732        537.95427443 
        733        537.95615120 
        734        537.95878568 
        735        537.95939927 
        736        537.96261309 
        737        537.96499302 
        738        537.96817483 
        739        537.96971022 
        740        537.96710071 
        741        537.96567540 
        742        537.96331868 
        743        537.96188427 
        744        537.95955500 
        745        537.95862053 
        746        537.95686017 
        747        537.95923231 
        748        537.96097088 
        749        537.96509163 
        750        537.96756687 
        751        537.96401995 
        752        537.96502409 
        753        537.96426547 
        754        537.96349787 
        755        537.96209692 
        756        537.95905710 
        757        537.95420271 
        758        537.94958968 
        759        537.94519939 
        760        537.94385034 
        761        537.94401968 
        762        537.94441458 
        763        537.94722325 
        764        537.95181252 
        765        537.95935704 
        766        537.96690762 
        767        537.97046804 
        768        537.97492291 
        769        537.97947321 
        770        537.98490426 
        771        537.99052059 
        772        537.99674757 
        773        538.00258070 
        774        538.00654019 
        775        538.00725907 
        776        538.00835351 
        777        538.01227931 
        778        538.01347771 
        779        538.01721408 
        780        538.01861283 
        781        538.02079697 
        782        538.02264790 
        783        538.02502215 
        784        538.02229277 
        785        538.01851470 
        786        538.01758099 
        787        538.01532349 
        788        538.01430494 
        789        538.01263863 
        790        538.00712338 
        791        538.00099697 
        792        537.99164803 
        793        537.98311517 
        794        537.97991659 
        795        537.97811034 
        796        537.97698671 
        797        537.97324778 
        798        537.97267860 
        799        537.97571888 
        800        537.97851023 
        801        537.98247851 
        802        537.98362233 
        803        537.98749789 
        804        537.99145106 
        805        537.99694458 
        806        538.00017424 
        807        537.99819607 
        808        537.99766620 
        809        537.99646672 
        810        537.99651409 
        811        537.99827005 
        812        538.00067579 
        813        538.00071715 
        814        538.00136221 
        815        538.00261413 
        816        538.00418767 
        817        538.00496910 
        818        538.00296308 
        819        538.00264516 
        820        537.99970667 
        821        537.99777142 
        822        537.99470763 
        823        537.99075189 
        824        537.98824346 
        825        537.98683639 
        826        537.98588760 
        827        537.98732923 
        828        537.98734577 
        829        537.98931672 
        830        537.99164879 
        831        537.99379544 
        832        537.99532130 
        833        537.99677145 
        834        537.99776529 
        835        537.99816187 
        836        537.99882112 
        837        537.99858933 
        838        537.99959863 
        839        537.99973571 
        840        537.99881474 
        841        537.99791829 
        842        537.99639088 
        843        537.99111613 
        844        537.98685775 
        845        537.98441799 
        846        537.98231948 
        847        537.98034715 
        848        537.98045216 
        849        537.98256423 
        850        537.98227467 
        851        537.98623297 
        852        537.98652649 
        853        537.98665783 
        854        537.98382087 
        855        537.98122818 
        856        537.97684307 
        857        537.97313466 
        858        537.97168952 
        859        537.97126197 
        860        537.96983960 
        861        537.96868615 
        862        537.96632508 
        863        537.96867758 
        864        537.97147007 
        865        537.97550658 
        866        537.97909777 
        867        537.98334611 
        868        537.98656152 
        869        537.98995361 
        870        537.98974311 
        871        537.98782352 
        872        537.98835368 
        873        537.98698669 
        874        537.98301822 
        875        537.97775624 
        876        537.97131984 
        877        537.96567609 
        878        537.96144266 
        879        537.95729645 
        880        537.95359316 
        881        537.94990125 
        882        537.94848802 
        883        537.94637884 
        884        537.94665801 
        885        537.95063418 
        886        537.95791869 
        887        537.96334935 
        888        537.96966661 
        889        537.97585626 
        890        537.97843791 
        891        537.98072505 
        892        537.98618556 
        893        537.98895101 
        894        537.99029033 
        895        537.99149864 
        896        537.99260740 
        897        537.99286513 
        898        537.99337633 
        899        537.99199548 
        900        537.99326138 
        901        537.99519543 
        902        537.99550569 
        903        537.99371375 
        904        537.99205308 
        905        537.99217769 
        906        537.99239003 
        907        537.99464616 
        908        537.99701526 
        909        538.00008809 
        910        538.00207669 
        911        538.00001608 
        912        537.99629179 
        913        537.99063210 
        914        537.98521309 
        915        537.97887065 
        916        537.97286803 
        917        537.96752510 
        918        537.96502788 
        919        537.96451333 
        920        537.96268502 
        921        537.96147257 
        922        537.96192371 
        923        537.96255899 
        924        537.96601256 
        925        537.97022826 
        926        537.97109126 
        927        537.97022763 
        928        537.97274265 
        929        537.97571301 
        930        537.97737578 
        931        537.97950679 
        932        537.98132564 
        933        537.98266080 
        934        537.98422301 
        935        537.98315880 
        936        537.98384908 
        937        537.98585717 
        938        537.98499186 
        939        537.98735462 
        940        537.98984020 
        941        537.99050953 
        942        537.99103893 
        943        537.99195136 
        944        537.99297501 
        945        537.99269844 
        946        537.98787243 
        947        537.98128555 
        948        537.97668867 
        949        537.97084943 
        950        537.96444098 
        951        537.95841349 
        952        537.95523591 
        953        537.95121121 
        954        537.95102245 
        955        537.95229063 
        956        537.95253146 
        957        537.95354736 
        958        537.95711245 
        959        537.96160350 
        960        537.96266396 
        961        537.96070185 
        962        537.96042443 
        963        537.95556391 
        964        537.95436336 
        965        537.95443429 
        966        537.95144293 
        967        537.94938227 
        968        537.94901836 
        969        537.94983373 
        970        537.95126680 
        971        537.95459821 
        972        537.95849788 
        973        537.95996086 
        974        537.96511880 
        975        537.96752548 
        976        537.96863284 
        977        537.97001327 
        978        537.97064439 
        979        537.96975076 
        980        537.97050979 
        981        537.96944569 
        982        537.97057046 
        983        537.97364620 
        984        537.97562274 
        985        537.97794945 
        986        537.98097314 
        987        537.98292622 
        988        537.98831460 
        989        537.99071522 
        990        537.98918509 
        991        537.98306165 
        992        537.97804789 
        993        537.97748709 
        994        537.97894438 
        995        537.97894870 
        996        537.97926352 
        997        537.97687106 
        998        537.97015388 
        999        537.96434463 
       1000        537.95965208 
       1001        537.95382233 
       1002        537.94834088 
       1003        537.94369318 
       1004        537.94416021 
       1005        537.94563694 
       1006        537.94848631 
       1007        537.95333039 
       1008        537.95987722 
       1009        537.96830929 
       1010        537.97867562 
       1011        537.98614646 
       1012        537.99258276 
       1013        537.99643243 
       1014        537.99860206 
       1015        537.99798816 
       1016        537.99930127 
       1017        537.99808464 
       1018        537.99511905 
       1019        537.99180056 
       1020        537.98912462 
       1021        537.98323118 
       1022        537.98176850 
       1023        537.98071167 
       1024        537.97820434 
       1025        537.98171055 
       1026        537.98623325 
       1027        537.99078202 
       1028        537.99868348 
       1029        538.00599342 
       1030        538.01058445 
       1031        538.01302360 
       1032        538.01281462 
       1033        538.01158775 
       1034        538.00911469 
       1035        537.99914445 
       1036        537.98972410 
       1037        537.97996440 
       1038        537.96603171 
       1039        537.96139819 
       1040        537.95532315 
       1041        537.95144256 
       1042        537.95570306 
       1043        537.95853876 
       1044        537.96282771 
       1045        537.96882077 
       1046        537.97891542 
       1047        537.98599922 
       1048        537.98917459 
       1049        537.99498480 
       1050        537.99941311 
       1051        537.99910564 
       1052        537.99825291 
       1053        537.99945958 
       1054        538.00192263 
       1055        538.00762416 
       1056        538.00761740 
       1057        538.00471687 
       1058        537.99820049 
       1059        537.99417670 
       1060        537.99286573 
       1061        537.99148925 
       1062        537.99017612 
       1063        537.98734559 
       1064        537.98627636 
       1065        537.98596017 
       1066        537.98685098 
       1067        537.98742189 
       1068        537.98513112 
       1069        537.98586336 
       1070        537.98847609 
       1071        537.99107729 
       1072        537.99358142 
       1073        537.99323140 
       1074        537.99274932 
       1075        537.99195990 
       1076        537.98938770 
       1077        537.98815215 
       1078        537.98545412 
       1079        537.98014880 
       1080        537.97743314 
       1081        537.97346742 
       1082        537.96982785 
       1083        537.96356547 
       1084        537.95623397 
       1085        537.95064048 
       1086        537.95016656 
       1087        537.94831542 
       1088        537.95181860 
       1089        537.95780731 
       1090        537.96558276 
       1091        537.97526950 
       1092        537.98496667 
       1093        537.99910334 
       1094        538.00905394 
       1095        538.01559987 
       1096        538.02281242 
       1097        538.02694891 
       1098        538.02930373 
       1099        538.02611221 
       1100        538.01839200 
       1101        538.00665888 
       1102        537.99415921 
       1103        537.98429676 
       1104        537.97293639 
       1105        537.96568673 
       1106        537.96003454 
       1107        537.95535407 
       1108        537.95567619 
       1109        537.95496024 
       1110        537.95224178 
       1111        537.95444903 
       1112        537.95687012 
       1113        537.96517489 
       1114        537.97475278 
       1115        537.98434478 
       1116        537.99502830 
       1117        538.00301498 
       1118        538.01349329 
       1119        538.01951337 
       1120        538.02183264 
       1121        538.02474878 
       1122        538.02651735 
       1123        538.02524108 
       1124        538.02187189 
       1125        538.01668994 
       1126        538.00924992 
       1127        538.00071485 
       1128        537.99789662 
       1129        537.99140857 
       1130        537.98534158 
       1131        537.98059679 
       1132        537.97430708 
       1133        537.96892810 
       1134        537.96964702 
       1135        537.97160334 
       1136        537.96776470 
       1137        537.96556682 
       1138        537.96589953 
       1139        537.96432026 
       1140        537.96697948 
       1141        537.97464120 
       1142        537.97738666 
       1143        537.98222709 
       1144        537.98865618 
       1145        537.99179269 
       1146        537.99487663 
       1147        537.99805008 
       1148        537.99662732 
       1149        537.99590291 
       1150        537.99242495 
       1151        537.98843717 
       1152        537.98499706 
       1153        537.97809474 
       1154        537.97150794 
       1155        537.96310197 
       1156        537.95771263 
       1157        537.95302471 
       1158        537.95268413 
       1159        537.95480955 
       1160        537.95500439 
       1161        537.95614307 
       1162        537.95703197 
       1163        537.95634996 
       1164        537.95504044 
       1165        537.95333945 
       1166        537.95268112 
       1167        537.94983775 
       1168        537.95068912 
       1169        537.95322843 
       1170        537.95271750 
       1171        537.95554160 
       1172        537.95857815 
       1173        537.96243847 
       1174        537.97399152 
       1175        537.98128001 
       1176        537.99404784 
       1177        538.00640947 
       1178        538.01591632 
       1179        538.02401562 
       1180        538.03204932 
       1181        538.03322937 
       1182        538.03288171 
       1183        538.03073752 
       1184        538.02276620 
       1185        538.01423060 
       1186        538.00479013 
       1187        537.99075717 
       1188        537.97949218 
       1189        537.96596373 
       1190        537.95339011 
       1191        537.94326757 
       1192        537.93389989 
       1193        537.93075317 
       1194        537.93075272 
       1195        537.93578083 
       1196        537.94349909 
       1197        537.95013816 
       1198        537.95882290 
       1199        537.96619652 
       1200        537.97352531 
       1201        537.98108415 
       1202        537.98282457 
       1203        537.98493936 
       1204        537.98543496 
       1205        537.98510585 
       1206        537.98490302 
       1207        537.98524130 
       1208        537.98448225 
       1209        537.98385458 
       1210        537.98334882 
       1211        537.98197914 
       1212        537.97914517 
       1213        537.97571540 
       1214        537.97289368 
       1215        537.96749630 
       1216        537.96198997 
       1217        537.95847196 
       1218        537.95551022 
       1219        537.95296017 
       1220        537.95337636 
       1221        537.95339327 
       1222        537.95338792 
       1223        537.95595867 
       1224        537.95658209 
       1225        537.95704534 
       1226        537.95954180 
       1227        537.96473780 
       1228        537.97154908 
       1229        537.98109147 
       1230        537.98597555 
       1231        537.99122304 
       1232        537.99856695 
       1233        538.00188718 
       1234        538.00692194 
       1235        538.01206824 
       1236        538.01207426 
       1237        538.00868042 
       1238        538.00414637 
       1239        537.99740762 
       1240        537.98998824 
       1241        537.98329662 
       1242        537.97529437 
       1243        537.96851052 
       1244        537.96221833 
       1245        537.95613238 
       1246        537.94952724 
       1247        537.94591097 
       1248        537.94591693 
       1249        537.94328963 
       1250        537.94383494 
       1251        537.94496799 
       1252        537.94648102 
       1253        537.95155944 
       1254        537.95834844 
       1255        537.96449158 
       1256        537.97307008 
       1257        537.97937090 
       1258        537.98465749 
       1259        537.99007758 
       1260        537.99413597 
       1261        537.99970904 
       1262        538.00250076 
       1263        538.00518519 
       1264        538.00821567 
       1265        538.00734147 
       1266        538.00479228 
       1267        538.00441950 
       1268        537.99774945 
       1269        537.99419678 
       1270        537.99378481 
       1271        537.99169029 
       1272        537.98576829 
       1273        537.98227243 
       1274        537.98457582 
       1275        537.98731553 
       1276        537.98884188 
       1277        537.99161717 
       1278        537.99550486 
       1279        537.99903432 
       1280        538.00332345 
       1281        538.00596043 
       1282        538.00932203 
       1283        538.01123366 
       1284        538.01423224 
       1285        538.01663177 
       1286        538.01796507 
       1287        538.01831263 
       1288        538.01481240 
       1289        538.01245491 
       1290        538.00867786 
       1291        538.00729381 
       1292        538.00678162 
       1293        538.00289960 
       1294        538.00306889 
       1295        538.00251278 
       1296        538.00014694 
       1297        538.00323344 
       1298        538.00388470 
       1299        537.99861019 
       1300        537.99629161 
       1301        537.99178583 
       1302        537.98668804 
       1303        537.98520788 
       1304        537.98146099 
       1305        537.97866083 
       1306        537.97294006 
       1307        537.96598296 
       1308        537.96021624 
       1309        537.95618280 
       1310        537.95097840 
       1311        537.94960494 
       1312        537.94938289 
       1313        537.94881548 
       1314        537.95264211 
       1315        537.95746675 
       1316        537.96182808 
       1317        537.97040199 
       1318        537.98118345 
       1319        537.99118829 
       1320        537.99943680 
       1321        538.00381925 
       1322        538.01046324 
       1323        538.01862312 
       1324        538.02532861 
       1325        538.02745093 
       1326        538.03007074 
       1327        538.03141943 
       1328        538.02578394 
       1329        538.01718795 
       1330        538.00659708 
       1331        537.99735789 
       1332        537.99099469 
       1333        537.98527935 
       1334        537.98113115 
       1335        537.97860380 
       1336        537.97288097 
       1337        537.97051941 
       1338        537.97077203 
       1339        537.97238586 
       1340        537.97601844 
       1341        537.97753297 
       1342        537.97899245 
       1343        537.98076904 
       1344        537.98102289 
       1345        537.98029835 
       1346        537.98098177 
       1347        537.98372903 
       1348        537.98772117 
       1349        537.99643757 
       1350        538.00395972 
       1351        538.00886909 
       1352        538.01266422 
       1353        538.01370371 
       1354        538.01512652 
       1355        538.01768658 
       1356        538.02070730 
       1357        538.02056244 
       1358        538.02037439 
       1359        538.01578573 
       1360        538.01072134 
       1361        538.00679099 
       1362        538.00482997 
       1363        538.00067689 
       1364        537.99592108 
       1365        537.98726513 
       1366        537.97616460 
       1367        537.96718644 
       1368        537.96090380 
       1369        537.95522198 
       1370        537.95175783 
       1371        537.94472270 
       1372        537.94292103 
       1373        537.94526785 
       1374        537.94812698 
       1375        537.95522851 
       1376        537.96340311 
       1377        537.97314472 
       1378        537.97996873 
       1379        537.98841007 
       1380        537.99546689 
       1381        537.99618635 
       1382        537.99575488 
       1383        537.99437358 
       1384        537.99296453 
       1385        537.99331575 
       1386        537.99408801 
       1387        537.99042701 
       1388        537.98356913 
       1389        537.97823193 
       1390        537.97472487 
       1391        537.96969801 
       1392        537.96403437 
       1393        537.96112395 
       1394        537.95854033 
       1395        537.95350618 
       1396        537.95249762 
       1397        537.95064091 
       1398        537.94891083 
       1399        537.95203767 
       1400        537.95614988 
       1401        537.95621549 
       1402        537.96036144 
       1403        537.96319750 
       1404        537.96602666 
       1405        537.97005264 
       1406        537.97026947 
       1407        537.97186348 
       1408        537.97352370 
       1409        537.97368338 
       1410        537.97771846 
       1411        537.98078239 
       1412        537.98169480 
       1413        537.98373857 
       1414        537.98628235 
       1415        537.99070051 
       1416        537.99441974 
       1417        537.99420432 
       1418        537.99264512 
       1419        537.99047209 
       1420        537.98757199 
       1421        537.98562019 
       1422        537.98403440 
       1423        537.98238844 
       1424        537.98128886 
       1425        537.98247134 
       1426        537.98360890 
       1427        537.98556589 
       1428        537.98661085 
       1429        537.98696801 
       1430        537.98464867 
       1431        537.97976113 
       1432        537.97552565 
       1433        537.97231201 
       1434        537.96846520 
       1435        537.96605005 
       1436        537.96360265 
       1437        537.96533423 
       1438        537.96603552 
       1439        537.96901549 
       1440        537.97413058 
       1441        537.98381358 
       1442        537.99208954 
       1443        538.00076222 
       1444        538.00829101 
       1445        538.01298468 
       1446        538.01306517 
       1447        538.00891397 
       1448        538.00197547 
       1449        537.99740003 
       1450        537.99417648 
       1451        537.99118682 
       1452        537.98992308 
       1453        537.98650510 
       1454        537.97954283 
       1455        537.97662567 
       1456        537.97435614 
       1457        537.96884378 
       1458        537.96595938 
       1459        537.96210883 
       1460        537.95975204 
       1461        537.95718907 
       1462        537.95632411 
       1463        537.95548039 
       1464        537.95919113 
       1465        537.96266829 
       1466        537.96508973 
       1467        537.97100787 
       1468        537.97664438 
       1469        537.98016498 
       1470        537.98324496 
       1471        537.98590624 
       1472        537.98786075 
       1473        537.98954357 
       1474        537.99330671 
       1475        537.99959114 
       1476        538.00214907 
       1477        538.00635838 
       1478        538.00887442 
       1479        538.01050248 
       1480        538.00968924 
       1481        538.01154404 
       1482        538.01301612 
       1483        538.01247840 
       1484        538.01094293 
       1485        538.00904993 
       1486        538.00386629 
       1487        537.99521558 
       1488        537.98813926 
       1489        537.98096861 
       1490        537.97373533 
       1491        537.96923053 
       1492        537.96601143 
       1493        537.96315575 
       1494        537.96032420 
       1495        537.95817223 
       1496        537.95675466 
       1497        537.95951016 
       1498        537.96190729 
       1499        537.96342100 
       1500        537.96575287 
       1501        537.97134775 
       1502        537.97569091 
       1503        537.98446570 
       1504        537.99488270 
       1505        538.00344525 
       1506        538.01266125 
       1507        538.01920808 
       1508        538.02354785 
       1509        538.02687379 
       1510        538.02477923 
       1511        538.01861450 
       1512        538.01152141 
       1513        538.00194829 
       1514        537.99288419 
       1515        537.98179524 
       1516        537.97465313 
       1517        537.96630185 
       1518        537.95894737 
       1519        537.95643765 
       1520        537.95590833 
       1521        537.95609141 
       1522        537.95529734 
       1523        537.95774042 
       1524        537.96308684 
       1525        537.96933370 
       1526        537.97888884 
       1527        537.98825882 
       1528        537.99701178 
       1529        538.00096350 
       1530        538.00698984 
       1531        538.00843067 
       1532        538.00883832 
       1533        538.00996226 
       1534        538.01066494 
       1535        538.01208575 
       1536        538.00919526 
       1537        538.00392575 
       1538        537.99922281 
       1539        537.99464897 
       1540        537.98885741 
       1541        537.98537990 
       1542        537.97964136 
       1543        537.97614268 
       1544        537.97174577 
       1545        537.96662039 
       1546        537.96076252 
       1547        537.95389197 
       1548        537.94846902 
       1549        537.94487689 
       1550        537.94276149 
       1551        537.94461009 
       1552        537.94778393 
       1553        537.95235768 
       1554        537.95786547 
       1555        537.96732315 
       1556        537.97907765 
       1557        537.99312627 
       1558        538.00211415 
       1559        538.01071296 
       1560        538.01534330 
       1561        538.02108463 
       1562        538.02502465 
       1563        538.02633931 
       1564        538.02692782 
       1565        538.02224472 
       1566        538.01961084 
       1567        538.01751601 
       1568        538.01090352 
       1569        538.00217920 
       1570        537.99156512 
       1571        537.97825717 
       1572        537.96408565 
       1573        537.95301764 
       1574        537.94422024 
       1575        537.93676280 
       1576        537.93135325 
       1577        537.92867847 
       1578        537.92583711 
       1579        537.92380026 
       1580        537.92425671 
       1581        537.92615230 
       1582        537.93012214 
       1583        537.93673409 
       1584        537.94458954 
       1585        537.95343853 
       1586        537.96208622 
       1587        537.97370480 
       1588        537.98514983 
       1589        537.99282854 
       1590        538.00175480 
       1591        538.00664587 
       1592        538.00952453 
       1593        538.00799764 
       1594        538.00254711 
       1595        537.99921121 
       1596        537.99479989 
       1597        537.98974827 
       1598        537.98634508 
       1599        537.98448609 
       1600        537.98236660 
       1601        537.98260674 
       1602        537.98167215 
       1603        537.97719090 
       1604        537.97554090 
       1605        537.97270339 
       1606        537.97169457 
       1607        537.97097165 
       1608        537.97167569 
       1609        537.97557512 
       1610        537.97942560 
       1611        537.98280072 
       1612        537.98547761 
       1613        537.98654520 
       1614        537.98725723 
       1615        537.98476766 
       1616        537.98261544 
       1617        537.98129603 
       1618        537.98091656 
       1619        537.98118531 
       1620        537.98366085 
       1621        537.98311171 
       1622        537.98148069 
       1623        537.98233602 
       1624        537.97863739 
       1625        537.97525998 
       1626        537.97224659 
       1627        537.96754110 
       1628        537.96452220 
       1629        537.96269442 
       1630        537.96071616 
       1631        537.96129373 
       1632        537.96457614 
       1633        537.96853529 
       1634        537.97048903 
       1635        537.97472955 
       1636        537.98242215 
       1637        537.98786715 
       1638        537.99135735 
       1639        537.99204668 
       1640        537.99194180 
       1641        537.98946737 
       1642        537.98581609 
       1643        537.97851537 
       1644        537.97221329 
       1645        537.96588013 
       1646        537.96254207 
       1647        537.95705083 
       1648        537.95251636 
       1649        537.94836130 
       1650        537.94811108 
       1651        537.94978455 
       1652        537.95386941 
       1653        537.96274256 
       1654        537.97031437 
       1655        537.97915277 
       1656        537.98661567 
       1657        537.99070852 
       1658        537.99346854 
       1659        537.99516439 
       1660        537.99499437 
       1661        537.99635611 
       1662        537.99754534 
       1663        537.99677550 
       1664        537.99640551 
       1665        537.99549616 
       1666        537.99540147 
       1667        537.99515325 
       1668        537.99343984 
       1669        537.99039984 
       1670        537.98875433 
       1671        537.98510662 
       1672        537.98397649 
       1673        537.98378099 
       1674        537.98485685 
       1675        537.98579881 
       1676        537.98795955 
       1677        537.99201190 
       1678        537.99632202 
       1679        537.99902256 
       1680        538.00096127 
       1681        538.00126595 
       1682        537.99908430 
       1683        537.99517463 
       1684        537.99275762 
       1685        537.99193288 
       1686        537.98877947 
       1687        537.98603849 
       1688        537.98418481 
       1689        537.97971953 
       1690        537.97717643 
       1691        537.97435952 
       1692        537.96749125 
       1693        537.96254313 
       1694        537.96110743 
       1695        537.95745625 
       1696        537.95257485 
       1697        537.94780009 
       1698        537.94079989 
       1699        537.93687550 
       1700        537.93859859 
       1701        537.94109041 
       1702        537.94270306 
       1703        537.94941517 
       1704        537.95487192 
       1705        537.95884248 
       1706        537.96451271 
       1707        537.96939396 
       1708        537.97534735 
       1709        537.98416188 
       1710        537.99221372 
       1711        537.99898040 
       1712        538.00479282 
       1713        538.01148219 
       1714        538.01548303 
       1715        538.01932475 
       1716        538.01659601 
       1717        538.01145697 
       1718        538.00477730 
       1719        538.00006658 
       1720        537.99813593 
       1721        537.99853586 
       1722        537.99751851 
       1723        537.99454955 
       1724        537.99167361 
       1725        537.98619246 
       1726        537.98154518 
       1727        537.98003239 
       1728        537.98044540 
       1729        537.98087870 
       1730        537.97975568 
       1731        537.97934908 
       1732        537.97926069 
       1733        537.97909448 
       1734        537.97961275 
       1735        537.98121237 
       1736        537.98129656 
       1737        537.98164761 
       1738        537.98589722 
       1739        537.98590762 
       1740        537.98517784 
       1741        537.98467828 
       1742        537.98266420 
       1743        537.98279285 
       1744        537.98597683 
       1745        537.98906375 
       1746        537.98923431 
       1747        537.98685364 
       1748        537.98909909 
       1749        537.99076549 
       1750        537.99745577 
       1751        538.00526623 
       1752        538.00785915 
       1753        538.01003031 
       1754        538.01271337 
       1755        538.01299346 
       1756        538.00907793 
       1757        538.00277451 
       1758        537.99348678 
       1759        537.98345502 
       1760        537.98010049 
       1761        537.97507802 
       1762        537.96982658 
       1763        537.96713496 
       1764        537.96506573 
       1765        537.96326940 
       1766        537.96254713 
       1767        537.95984666 
       1768        537.95447416 
       1769        537.95082373 
       1770        537.94817341 
       1771        537.94917588 
       1772        537.95304770 
       1773        537.96066380 
       1774        537.96581242 
       1775        537.96833362 
       1776        537.97122927 
       1777        537.97094074 
       1778        537.97132444 
       1779        537.97141966 
       1780        537.97084006 
       1781        537.97073108 
       1782        537.97071172 
       1783        537.97180395 
       1784        537.97123730 
       1785        537.96965722 
       1786        537.96231381 
       1787        537.95411270 
       1788        537.95216023 
       1789        537.95152321 
       1790        537.95684747 
       1791        537.96312742 
       1792        537.97150413 
       1793        537.97971075 
       1794        537.98786014 
       1795        537.99185013 
       1796        537.99556908 
       1797        537.99630982 
       1798        537.99509613 
       1799        537.99099800 
       1800        537.98638922 
       1801        537.98177371 
       1802        537.97560316 
       1803        537.97585055 
       1804        537.97017828 
       1805        537.96464147 
       1806        537.96202796 
       1807        537.95812177 
       1808        537.95583481 
       1809        537.95510997 
       1810        537.95671060 
       1811        537.95667030 
       1812        537.95502498 
       1813        537.95331881 
       1814        537.94935071 
       1815        537.94858085 
       1816        537.94796076 
       1817        537.95014334 
       1818        537.95423411 
       1819        537.95670650 
       1820        537.95958507 
       1821        537.96712213 
       1822        537.97113805 
       1823        537.97355320 
       1824        537.97366791 
       1825        537.97679583 
       1826        537.97954987 
       1827        537.98682785 
       1828        537.99421052 
       1829        537.99665673 
       1830        537.99768259 
       1831        537.99941031 
       1832        537.99879682 
       1833        537.99841937 
       1834        537.99675474 
       1835        537.99046627 
       1836        537.98332682 
       1837        537.97480117 
       1838        537.96628431 
       1839        537.95657936 
       1840        537.94820591 
       1841        537.94364373 
       1842        537.94083569 
       1843        537.93747020 
       1844        537.93876549 
       1845        537.94200749 
       1846        537.94577500 
       1847        537.95009742 
       1848        537.95700865 
       1849        537.96429377 
       1850        537.97554345 
       1851        537.98011944 
       1852        537.98770906 
       1853        537.99774566 
       1854        538.00185496 
       1855        538.00473748 
       1856        538.00710797 
       1857        538.00217863 
       1858        537.99593686 
       1859        537.98886910 
       1860        537.97835794 
       1861        537.96880423 
       1862        537.96197310 
       1863        537.95767654 
       1864        537.95676861 
       1865        537.95522117 
       1866        537.95273879 
       1867        537.95345269 
       1868        537.95598920 
       1869        537.95952182 
       1870        537.96557284 
       1871        537.97316811 
       1872        537.97966941 
       1873        537.98598504 
       1874        537.99149055 
       1875        537.99235828 
       1876        537.99639884 
       1877        538.00151258 
       1878        538.00184473 
       1879        538.00310126 
       1880        538.00034099 
       1881        537.99851146 
       1882        537.99592882 
       1883        537.99653907 
       1884        538.00062285 
       1885        538.00330707 
       1886        538.00697256 
       1887        538.00853170 
       1888        538.00975005 
       1889        538.01001815 
       1890        538.01059829 
       1891        538.01026120 
       1892        538.00906510 
       1893        538.00539182 
       1894        537.99766520 
       1895        537.98569496 
       1896        537.97320891 
       1897        537.96072484 
       1898        537.94574241 
       1899        537.93359580 
       1900        537.92501809 
       1901        537.91728367 
       1902        537.91474821 
       1903        537.91747125 
       1904        537.92076313 
       1905        537.92333985 
       1906        537.92714953 
       1907        537.93586526 
       1908        537.94343563 
       1909        537.95473921 
       1910        537.96558086 
       1911        537.97570069 
       1912        537.98781526 
       1913        537.99676254 
       1914        538.00646412 
       1915        538.01081519 
       1916        538.01205809 
       1917        538.00985323 
       1918        538.00322441 
       1919        537.99869104 
       1920        537.99190329 
       1921        537.98199191 
       1922        537.97487729 
       1923        537.97024129 
       1924        537.96708332 
       1925        537.96877785 
       1926        537.97173247 
       1927        537.97113117 
       1928        537.97541441 
       1929        537.97758736 
       1930        537.97819223 
       1931        537.98077807 
       1932        537.98039436 
       1933        537.97906673 
       1934        537.97687070 
       1935        537.97365952 
       1936        537.97206228 
       1937        537.97082790 
       1938        537.97056113 
       1939        537.96956901 
       1940        537.96732620 
       1941        537.96100969 
       1942        537.95511100 
       1943        537.95074480 
       1944        537.94859646 
       1945        537.94611149 
       1946        537.94615647 
       1947        537.95044662 
       1948        537.95332615 
       1949        537.95890455 
       1950        537.96726852 
       1951        537.97457815 
       1952        537.98255970 
       1953        537.99104291 
       1954        538.00007985 
       1955        538.00531456 
       1956        538.01047546 
       1957        538.01433233 
       1958        538.01318952 
       1959        538.01101404 
       1960        538.00910112 
       1961        538.00636257 
       1962        538.00343885 
       1963        538.00345612 
       1964        538.00273096 
       1965        538.00041200 
       1966        538.00225977 
       1967        538.00452345 
       1968        538.00479107 
       1969        538.00490666 
       1970        537.99964196 
       1971        537.99074610 
       1972        537.98234369 
       1973        537.97307848 
       1974        537.96300202 
       1975        537.95301411 
       1976        537.94488595 
       1977        537.93644365 
       1978        537.93257610 
       1979        537.93410790 
       1980        537.93809495 
       1981        537.94519764 
       1982        537.95616074 
       1983        537.96897878 
       1984        537.98325091 
       1985        537.99728411 
       1986        538.00965047 
       1987        538.02137325 
       1988        538.02943913 
       1989        538.03382275 
       1990        538.03733095 
       1991        538.03396417 
       1992        538.02817339 
       1993        538.01994724 
       1994        538.01239516 
       1995        538.00953604 
       1996        538.00414740 
       1997        537.99827576 
       1998        537.98880635 
       1999        537.97977508 
       2000        537.97141702 
