          1          0.91949265 
          2          0.89502028 
          3          1.06560355 
          4          1.33836817 
          5          1.65692196 
          6          2.04689297 
          7          2.42537064 
          8          2.81626340 
          9          3.16125488 
         10          3.47910427 
         11          3.74975809 
         12          3.96940021 
         13          4.13852662 
         14          4.25277911 
         15          4.33134341 
         16          4.36238845 
         17          4.36693364 
         18          4.35557116 
         19          4.31834065 
         20          4.27667661 
         21          4.22554204 
         22          4.17167991 
         23          4.12622041 
         24          4.08731924 
         25          4.05594938 
         26          4.04931732 
         27          4.05897745 
         28          4.08198377 
         29          4.11809294 
         30          4.16911552 
         31          4.23304587 
         32          4.30627378 
         33          4.38313958 
         34          4.45832480 
         35          4.53177261 
         36          4.60409602 
         37          4.67399182 
         38          4.73981085 
         39          4.79751065 
         40          4.85612344 
         41          4.91377746 
         42          4.96108924 
         43          5.01390779 
         44          5.05976337 
         45          5.10101193 
         46          5.13113047 
         47          5.15208170 
         48          5.16960805 
         49          5.18578026 
         50          5.19882086 
         51          5.20218854 
         52          5.19618692 
         53          5.17933954 
         54          5.16720360 
         55          5.15915436 
         56          5.14440479 
         57          5.13833719 
         58          5.14155426 
         59          5.15242119 
         60          5.16599067 
         61          5.16662100 
         62          5.16815095 
         63          5.18168114 
         64          5.20067922 
         65          5.22118662 
         66          5.24089815 
         67          5.25876309 
         68          5.27936966 
         69          5.30881605 
         70          5.33479642 
         71          5.36390808 
         72          5.37976982 
         73          5.39015204 
         74          5.40293247 
         75          5.41033463 
         76          5.40979757 
         77          5.40803892 
         78          5.40415552 
         79          5.40177283 
         80          5.39765352 
         81          5.39027592 
         82          5.38691291 
         83          5.38327123 
         84          5.39352391 
         85          5.40034482 
         86          5.39621478 
         87          5.38941086 
         88          5.37816853 
         89          5.36576791 
         90          5.35209396 
         91          5.33500297 
         92          5.32218421 
         93          5.31643420 
         94          5.32206874 
         95          5.32719344 
         96          5.34319022 
         97          5.36024530 
         98          5.36708213 
         99          5.37050804 
        100          5.37588433 
        101          5.38344935 
        102          5.39292828 
        103          5.39101369 
        104          5.38927345 
        105          5.38683601 
        106          5.38809325 
        107          5.38305485 
        108          5.38877749 
        109          5.40158257 
        110          5.40028426 
        111          5.40186345 
        112          5.41558690 
        113          5.42585139 
        114          5.43149837 
        115          5.42802097 
        116          5.42712201 
        117          5.43543598 
        118          5.45201506 
        119          5.45239988 
        120          5.45617651 
        121          5.46803241 
        122          5.47267096 
        123          5.46385533 
        124          5.44789468 
        125          5.43179725 
        126          5.42722514 
        127          5.42051363 
        128          5.41332686 
        129          5.41638171 
        130          5.41646604 
        131          5.41448679 
        132          5.41432479 
        133          5.41466808 
        134          5.42123851 
        135          5.42681481 
        136          5.42585028 
        137          5.42913640 
        138          5.43067962 
        139          5.43126119 
        140          5.42755360 
        141          5.42929779 
        142          5.43791624 
        143          5.43505210 
        144          5.44291945 
        145          5.44930686 
        146          5.45104350 
        147          5.44693326 
        148          5.45072253 
        149          5.45119631 
        150          5.44958306 
        151          5.44790860 
        152          5.44877201 
        153          5.44297730 
        154          5.44583716 
        155          5.43941594 
        156          5.44957528 
        157          5.46150046 
        158          5.46178570 
        159          5.46861094 
        160          5.47905720 
        161          5.48364437 
        162          5.48424931 
        163          5.49159639 
        164          5.48398053 
        165          5.47610508 
        166          5.47326852 
        167          5.46989741 
        168          5.46810037 
        169          5.47474265 
        170          5.48195669 
        171          5.48020188 
        172          5.47116754 
        173          5.46428286 
        174          5.45864302 
        175          5.45385038 
        176          5.44030970 
        177          5.43368966 
        178          5.43176673 
        179          5.43394344 
        180          5.43546842 
        181          5.42886195 
        182          5.42626682 
        183          5.42395196 
        184          5.43339588 
        185          5.44747863 
        186          5.45028074 
        187          5.44723459 
        188          5.45176775 
        189          5.46279828 
        190          5.46685883 
        191          5.47456832 
        192          5.47070595 
        193          5.46969634 
        194          5.47146440 
        195          5.47910157 
        196          5.49407005 
        197          5.49482091 
        198          5.49384991 
        199          5.49055338 
        200          5.48316007 
        201          5.48639657 
        202          5.48951132 
        203          5.48612598 
        204          5.48094715 
        205          5.46794013 
        206          5.46243119 
        207          5.45859985 
        208          5.46449879 
        209          5.47226221 
        210          5.47523203 
        211          5.48157308 
        212          5.48181743 
        213          5.48119179 
        214          5.48163893 
        215          5.47357429 
        216          5.46806347 
        217          5.46426532 
        218          5.46446856 
        219          5.45924902 
        220          5.44747873 
        221          5.43817875 
        222          5.43165255 
        223          5.43111869 
        224          5.43983300 
        225          5.44243768 
        226          5.44867371 
        227          5.45166454 
        228          5.45107642 
        229          5.44124013 
        230          5.43413026 
        231          5.42181377 
        232          5.41903362 
        233          5.42164440 
        234          5.42316905 
        235          5.41755319 
        236          5.41504157 
        237          5.42424766 
        238          5.43823082 
        239          5.45071473 
        240          5.44802735 
        241          5.43762607 
        242          5.43722616 
        243          5.43832076 
        244          5.44358448 
        245          5.44987041 
        246          5.45380067 
        247          5.45182670 
        248          5.45180753 
        249          5.45027380 
        250          5.45945548 
        251          5.46969830 
        252          5.47032433 
        253          5.46354754 
        254          5.46630176 
        255          5.47260407 
        256          5.47572594 
        257          5.48342946 
        258          5.49381827 
        259          5.50217917 
        260          5.49927838 
        261          5.49259948 
        262          5.48312484 
        263          5.47797438 
        264          5.47106048 
        265          5.46754978 
        266          5.46415662 
        267          5.47118238 
        268          5.47165800 
        269          5.47588013 
        270          5.47925185 
        271          5.49109419 
        272          5.50192454 
        273          5.51115804 
        274          5.52016215 
        275          5.53164890 
        276          5.54215596 
        277          5.54971971 
        278          5.55182575 
        279          5.54485596 
        280          5.53386891 
        281          5.52507183 
        282          5.51789857 
        283          5.50622390 
        284          5.49181457 
        285          5.49117989 
        286          5.47343801 
        287          5.46674254 
        288          5.46123257 
        289          5.45884003 
        290          5.46112578 
        291          5.45753649 
        292          5.44933941 
        293          5.44460117 
        294          5.44438873 
        295          5.43958091 
        296          5.42974017 
        297          5.43500783 
        298          5.43396752 
        299          5.43350344 
        300          5.42596420 
        301          5.42443045 
        302          5.41773200 
        303          5.41630556 
        304          5.42241098 
        305          5.43356006 
        306          5.43574940 
        307          5.44068662 
        308          5.43558097 
        309          5.43061090 
        310          5.42397802 
        311          5.42199332 
        312          5.43129235 
        313          5.44322475 
        314          5.45961829 
        315          5.46684328 
        316          5.47588723 
        317          5.48166764 
        318          5.47833455 
        319          5.47593843 
        320          5.46903167 
        321          5.45989202 
        322          5.45473252 
        323          5.45005342 
        324          5.44925884 
        325          5.44663691 
        326          5.44282521 
        327          5.44540871 
        328          5.45520155 
        329          5.47494967 
        330          5.48823399 
        331          5.50603881 
        332          5.52499814 
        333          5.53712337 
        334          5.54825042 
        335          5.53922608 
        336          5.52940434 
        337          5.52632186 
        338          5.51808894 
        339          5.49661386 
        340          5.47874478 
        341          5.46453061 
        342          5.45078302 
        343          5.44083871 
        344          5.42859809 
        345          5.43229833 
        346          5.44312541 
        347          5.45017429 
        348          5.46025792 
        349          5.46567629 
        350          5.46645708 
        351          5.46871264 
        352          5.47560381 
        353          5.47848189 
        354          5.47668174 
        355          5.47575720 
        356          5.47687558 
        357          5.48209357 
        358          5.48616505 
        359          5.48414154 
        360          5.47472101 
        361          5.46808143 
        362          5.46051346 
        363          5.45721475 
        364          5.45917994 
        365          5.45646651 
        366          5.45722014 
        367          5.46693319 
        368          5.47925549 
        369          5.48763947 
        370          5.48596133 
        371          5.48414593 
        372          5.47991921 
        373          5.47768066 
        374          5.47815292 
        375          5.47435613 
        376          5.47350511 
        377          5.47436677 
        378          5.47390280 
        379          5.46946395 
        380          5.46650912 
        381          5.46756340 
        382          5.46398059 
        383          5.45797139 
        384          5.45622167 
        385          5.44625098 
        386          5.44242604 
        387          5.45094368 
        388          5.46600746 
        389          5.48353890 
        390          5.49747588 
        391          5.51530403 
        392          5.52968265 
        393          5.52990805 
        394          5.54311246 
        395          5.54763279 
        396          5.55609537 
        397          5.56256400 
        398          5.56334583 
        399          5.55364055 
        400          5.54312813 
        401          5.53977370 
        402          5.53513919 
        403          5.51123898 
        404          5.48221052 
        405          5.45468062 
        406          5.44598807 
        407          5.44806485 
        408          5.45488308 
        409          5.46013514 
        410          5.45540462 
        411          5.45236060 
        412          5.44997342 
        413          5.43928865 
        414          5.43844136 
        415          5.44268704 
        416          5.44816583 
        417          5.45386314 
        418          5.46353279 
        419          5.47475135 
        420          5.48329975 
        421          5.48348988 
        422          5.48465141 
        423          5.48682924 
        424          5.49314017 
        425          5.48798181 
        426          5.48264168 
        427          5.47915410 
        428          5.47772556 
        429          5.47337742 
        430          5.48097470 
        431          5.48217728 
        432          5.48370680 
        433          5.47752663 
        434          5.47641990 
        435          5.46788080 
        436          5.46557314 
        437          5.46659331 
        438          5.45917094 
        439          5.45267123 
        440          5.45125214 
        441          5.45477744 
        442          5.45506886 
        443          5.45589160 
        444          5.45453495 
        445          5.45566338 
        446          5.46004386 
        447          5.46298655 
        448          5.46956982 
        449          5.47952990 
        450          5.47014461 
        451          5.46814999 
        452          5.47248950 
        453          5.47434423 
        454          5.46162032 
        455          5.44644953 
        456          5.44113860 
        457          5.44153431 
        458          5.44529809 
        459          5.45465202 
        460          5.46026420 
        461          5.46308138 
        462          5.47395708 
        463          5.48377714 
        464          5.48594985 
        465          5.48300010 
        466          5.48628294 
        467          5.48652643 
        468          5.49490908 
        469          5.50395632 
        470          5.51310849 
        471          5.52185207 
        472          5.52807118 
        473          5.53165269 
        474          5.53886900 
        475          5.54199656 
        476          5.54272446 
        477          5.54212708 
        478          5.53731398 
        479          5.52659084 
        480          5.51536302 
        481          5.50891188 
        482          5.50321930 
        483          5.49014461 
        484          5.48174016 
        485          5.47382192 
        486          5.47504821 
        487          5.47749817 
        488          5.48379117 
        489          5.48545602 
        490          5.47815356 
        491          5.47739784 
        492          5.47016823 
        493          5.45649239 
        494          5.44798498 
        495          5.44810093 
        496          5.45246221 
        497          5.46683811 
        498          5.47368361 
        499          5.48486741 
        500          5.48598669 
        501          5.47747687 
        502          5.47203016 
        503          5.46082682 
        504          5.44756874 
        505          5.43943523 
        506          5.42195102 
        507          5.41115696 
        508          5.41419163 
        509          5.42803335 
        510          5.43996255 
        511          5.44235216 
        512          5.45088994 
        513          5.45097241 
        514          5.44275135 
        515          5.43649120 
        516          5.43906284 
        517          5.44228178 
        518          5.45147183 
        519          5.45010596 
        520          5.44919641 
        521          5.44918658 
        522          5.45229110 
        523          5.45312047 
        524          5.45920603 
        525          5.46135707 
        526          5.46557652 
        527          5.47991597 
        528          5.47830116 
        529          5.47496928 
        530          5.47058710 
        531          5.46372688 
        532          5.45214614 
        533          5.43558078 
        534          5.42112901 
        535          5.41575816 
        536          5.41049904 
        537          5.40826289 
        538          5.40458008 
        539          5.40235650 
        540          5.40259333 
        541          5.41156795 
        542          5.41668339 
        543          5.41828852 
        544          5.42689458 
        545          5.43487716 
        546          5.43493597 
        547          5.43702073 
        548          5.43601454 
        549          5.43989986 
        550          5.44537695 
        551          5.44448169 
        552          5.44586727 
        553          5.44762731 
        554          5.45030205 
        555          5.45467307 
        556          5.44714582 
        557          5.44173064 
        558          5.43334120 
        559          5.42745816 
        560          5.43000107 
        561          5.42819687 
        562          5.42816311 
        563          5.42503921 
        564          5.42470276 
        565          5.42739092 
        566          5.43613346 
        567          5.44323679 
        568          5.44891575 
        569          5.45435060 
        570          5.46217400 
        571          5.46327683 
        572          5.46585503 
        573          5.47390303 
        574          5.47884100 
        575          5.47427318 
        576          5.46760894 
        577          5.45865443 
        578          5.45249759 
        579          5.44703512 
        580          5.43971486 
        581          5.43894649 
        582          5.44021764 
        583          5.44591336 
        584          5.45100161 
        585          5.45868481 
        586          5.46072708 
        587          5.46432755 
        588          5.45926025 
        589          5.44972391 
        590          5.43949866 
        591          5.43277731 
        592          5.42544790 
        593          5.42578586 
        594          5.42586990 
        595          5.42553246 
        596          5.42563810 
        597          5.42325125 
        598          5.42483216 
        599          5.43072678 
        600          5.43933819 
        601          5.44548451 
        602          5.44952349 
        603          5.45503042 
        604          5.45955933 
        605          5.46478143 
        606          5.46736544 
        607          5.45678907 
        608          5.44375914 
        609          5.43018376 
        610          5.42613796 
        611          5.42383466 
        612          5.42701607 
        613          5.43246590 
        614          5.43437902 
        615          5.42480014 
        616          5.41387398 
        617          5.40647711 
        618          5.39700398 
        619          5.39571887 
        620          5.39341368 
        621          5.39735622 
        622          5.39687659 
        623          5.40224263 
        624          5.41349159 
        625          5.41461244 
        626          5.41250789 
        627          5.41003165 
        628          5.41424879 
        629          5.42290491 
        630          5.43070517 
        631          5.43144158 
        632          5.43478379 
        633          5.44360567 
        634          5.45032237 
        635          5.44665830 
        636          5.42977450 
        637          5.41826245 
        638          5.40297518 
        639          5.39505435 
        640          5.39820729 
        641          5.40311591 
        642          5.41524891 
        643          5.41994405 
        644          5.41833483 
        645          5.42429426 
        646          5.43079709 
        647          5.43401316 
        648          5.44147183 
        649          5.44598315 
        650          5.45047593 
        651          5.45500959 
        652          5.45048409 
        653          5.44450032 
        654          5.44489280 
        655          5.44889874 
        656          5.45422065 
        657          5.45678029 
        658          5.45264617 
        659          5.44411742 
        660          5.43436764 
        661          5.43038261 
        662          5.42598407 
        663          5.43273633 
        664          5.43271480 
        665          5.43580314 
        666          5.43281555 
        667          5.43393114 
        668          5.44214554 
        669          5.45067190 
        670          5.47011289 
        671          5.47287801 
        672          5.48119795 
        673          5.48512562 
        674          5.48116883 
        675          5.47635182 
        676          5.47256807 
        677          5.45419430 
        678          5.45245321 
        679          5.44433479 
        680          5.43787588 
        681          5.42811636 
        682          5.42292483 
        683          5.42030126 
        684          5.41779821 
        685          5.41844323 
        686          5.41025616 
        687          5.40778415 
        688          5.41557299 
        689          5.42281985 
        690          5.43578333 
        691          5.43772361 
        692          5.43829851 
        693          5.43722564 
        694          5.43787297 
        695          5.43795157 
        696          5.45221897 
        697          5.46953204 
        698          5.49070451 
        699          5.50099431 
        700          5.49871978 
        701          5.48946064 
        702          5.48199455 
        703          5.47047736 
        704          5.45597022 
        705          5.44366715 
        706          5.43847039 
        707          5.43943322 
        708          5.43324888 
        709          5.43337853 
        710          5.43208837 
        711          5.43209292 
        712          5.42936073 
        713          5.43381072 
        714          5.44864534 
        715          5.46008109 
        716          5.47068840 
        717          5.48425064 
        718          5.49127532 
        719          5.49319832 
        720          5.50167973 
        721          5.50171519 
        722          5.49179812 
        723          5.48268202 
        724          5.47288492 
        725          5.45842503 
        726          5.44659890 
        727          5.43975595 
        728          5.43396768 
        729          5.42541029 
        730          5.41600717 
        731          5.40635291 
        732          5.40111174 
        733          5.40604211 
        734          5.41402128 
        735          5.41153641 
        736          5.41059392 
        737          5.41169893 
        738          5.42203420 
        739          5.43025207 
        740          5.42654493 
        741          5.42013515 
        742          5.41067066 
        743          5.41229148 
        744          5.41319651 
        745          5.41024532 
        746          5.40527109 
        747          5.41022449 
        748          5.42230215 
        749          5.43005245 
        750          5.43981865 
        751          5.43973945 
        752          5.44214305 
        753          5.44376379 
        754          5.44590127 
        755          5.44987884 
        756          5.44615320 
        757          5.43838334 
        758          5.42217950 
        759          5.40721793 
        760          5.40274643 
        761          5.40497574 
        762          5.41743118 
        763          5.43239253 
        764          5.44233998 
        765          5.44724907 
        766          5.45288090 
        767          5.45490915 
        768          5.45733107 
        769          5.45171033 
        770          5.44763262 
        771          5.45354428 
        772          5.46264078 
        773          5.47278919 
        774          5.48035369 
        775          5.47771046 
        776          5.47475627 
        777          5.46335957 
        778          5.45568340 
        779          5.45867387 
        780          5.45662447 
        781          5.46413364 
        782          5.46683007 
        783          5.47384168 
        784          5.47010668 
        785          5.47006371 
        786          5.46438624 
        787          5.45683490 
        788          5.45986869 
        789          5.45594589 
        790          5.44987348 
        791          5.44605283 
        792          5.44382331 
        793          5.43975293 
        794          5.44205497 
        795          5.44043876 
        796          5.43477107 
        797          5.42988706 
        798          5.43104295 
        799          5.43306768 
        800          5.42985476 
        801          5.42415810 
        802          5.42040685 
        803          5.42431905 
        804          5.42883528 
        805          5.43452287 
        806          5.43279621 
        807          5.44131206 
        808          5.45094925 
        809          5.45165750 
        810          5.45196003 
        811          5.45898062 
        812          5.46542030 
        813          5.46039073 
        814          5.45099987 
        815          5.43870728 
        816          5.43201571 
        817          5.43818051 
        818          5.44107114 
        819          5.44536486 
        820          5.44641074 
        821          5.45088452 
        822          5.46563619 
        823          5.47760393 
        824          5.48473961 
        825          5.47689586 
        826          5.47227206 
        827          5.46227022 
        828          5.46392314 
        829          5.47260579 
        830          5.48577131 
        831          5.49708729 
        832          5.49882374 
        833          5.50515716 
        834          5.50922292 
        835          5.51401165 
        836          5.51748085 
        837          5.51836682 
        838          5.51516186 
        839          5.50981567 
        840          5.50291678 
        841          5.50230104 
        842          5.49558606 
        843          5.47800587 
        844          5.46604896 
        845          5.46677697 
        846          5.46819890 
        847          5.47388877 
        848          5.48070124 
        849          5.48729412 
        850          5.47885188 
        851          5.47978243 
        852          5.47073224 
        853          5.45936914 
        854          5.45209495 
        855          5.44930058 
        856          5.43590036 
        857          5.43433078 
        858          5.43622053 
        859          5.44328452 
        860          5.44513169 
        861          5.44157808 
        862          5.43575991 
        863          5.43498023 
        864          5.43213440 
        865          5.44256861 
        866          5.45049534 
        867          5.46069265 
        868          5.46860244 
        869          5.48028358 
        870          5.48595431 
        871          5.48561910 
        872          5.48337361 
        873          5.47914301 
        874          5.46849917 
        875          5.45806736 
        876          5.45435938 
        877          5.45502460 
        878          5.45801702 
        879          5.45833774 
        880          5.45477634 
        881          5.45615685 
        882          5.45875738 
        883          5.45038642 
        884          5.44839886 
        885          5.44199552 
        886          5.44191298 
        887          5.43085630 
        888          5.42690255 
        889          5.42108143 
        890          5.41194187 
        891          5.40777664 
        892          5.41485688 
        893          5.42727737 
        894          5.43201842 
        895          5.43743553 
        896          5.43801700 
        897          5.44049701 
        898          5.44291832 
        899          5.44828420 
        900          5.45143626 
        901          5.45118576 
        902          5.44664679 
        903          5.44504226 
        904          5.45255584 
        905          5.46493632 
        906          5.47587853 
        907          5.48559859 
        908          5.49102269 
        909          5.49840445 
        910          5.50325580 
        911          5.50008636 
        912          5.49244357 
        913          5.48317393 
        914          5.47734938 
        915          5.47249479 
        916          5.46397148 
        917          5.45697348 
        918          5.45744167 
        919          5.45736399 
        920          5.45232650 
        921          5.44786717 
        922          5.44921585 
        923          5.44575733 
        924          5.43815616 
        925          5.43931525 
        926          5.44495912 
        927          5.43898719 
        928          5.42701760 
        929          5.42199356 
        930          5.41790893 
        931          5.41415508 
        932          5.41896050 
        933          5.43049256 
        934          5.43637014 
        935          5.43514794 
        936          5.43469034 
        937          5.43682185 
        938          5.43779569 
        939          5.43830973 
        940          5.43515536 
        941          5.43368957 
        942          5.42648322 
        943          5.42209453 
        944          5.42071050 
        945          5.42238529 
        946          5.41849718 
        947          5.41798823 
        948          5.41771200 
        949          5.40493194 
        950          5.39131433 
        951          5.37661433 
        952          5.37191914 
        953          5.36234142 
        954          5.36407814 
        955          5.38013739 
        956          5.39359309 
        957          5.40183120 
        958          5.41308017 
        959          5.43595253 
        960          5.45275262 
        961          5.45802403 
        962          5.44696044 
        963          5.43477034 
        964          5.42856923 
        965          5.43135663 
        966          5.43220789 
        967          5.42866862 
        968          5.43484411 
        969          5.44682323 
        970          5.46085711 
        971          5.47349991 
        972          5.48341107 
        973          5.48225495 
        974          5.47308879 
        975          5.45128614 
        976          5.44654001 
        977          5.44171691 
        978          5.44137225 
        979          5.44199515 
        980          5.44064780 
        981          5.43032750 
        982          5.42309564 
        983          5.42221439 
        984          5.42681074 
        985          5.43481331 
        986          5.44169375 
        987          5.44271102 
        988          5.45237780 
        989          5.45775490 
        990          5.46011519 
        991          5.45726804 
        992          5.45048872 
        993          5.45189484 
        994          5.45709031 
        995          5.46077696 
        996          5.46495876 
        997          5.47165559 
        998          5.46503197 
        999          5.45668139 
       1000          5.45254176 
       1001          5.44273678 
       1002          5.43520075 
       1003          5.42938260 
       1004          5.42683988 
       1005          5.41666095 
       1006          5.41581933 
       1007          5.42004902 
       1008          5.42211312 
       1009          5.42425053 
       1010          5.42355580 
       1011          5.43455917 
       1012          5.44902397 
       1013          5.45037702 
       1014          5.44016248 
       1015          5.43444247 
       1016          5.43893679 
       1017          5.44058753 
       1018          5.43050342 
       1019          5.41999996 
       1020          5.41513256 
       1021          5.40517789 
       1022          5.41334648 
       1023          5.42177503 
       1024          5.42607087 
       1025          5.44106489 
       1026          5.45395971 
       1027          5.45656160 
       1028          5.46709392 
       1029          5.47472852 
       1030          5.48263830 
       1031          5.49499163 
       1032          5.50141497 
       1033          5.50844690 
       1034          5.51026951 
       1035          5.49737292 
       1036          5.48578368 
       1037          5.47927551 
       1038          5.46333606 
       1039          5.45504008 
       1040          5.44983188 
       1041          5.44285055 
       1042          5.44669351 
       1043          5.45152019 
       1044          5.46699850 
       1045          5.47569790 
       1046          5.48351586 
       1047          5.48297052 
       1048          5.47853301 
       1049          5.48107288 
       1050          5.47741717 
       1051          5.46962047 
       1052          5.47107918 
       1053          5.47334571 
       1054          5.47756175 
       1055          5.48210091 
       1056          5.46999876 
       1057          5.46681437 
       1058          5.45899382 
       1059          5.45827531 
       1060          5.46167345 
       1061          5.45843104 
       1062          5.44638699 
       1063          5.43701796 
       1064          5.43174686 
       1065          5.42424161 
       1066          5.41477020 
       1067          5.41453525 
       1068          5.41125806 
       1069          5.40944369 
       1070          5.40625661 
       1071          5.40273345 
       1072          5.40277953 
       1073          5.39493474 
       1074          5.39449371 
       1075          5.40610373 
       1076          5.40929531 
       1077          5.40995106 
       1078          5.41453287 
       1079          5.41424711 
       1080          5.41492832 
       1081          5.41378894 
       1082          5.41380489 
       1083          5.41567919 
       1084          5.42518577 
       1085          5.43591287 
       1086          5.45046908 
       1087          5.44707109 
       1088          5.44190246 
       1089          5.43267330 
       1090          5.42144321 
       1091          5.42416693 
       1092          5.42567329 
       1093          5.44605273 
       1094          5.45556088 
       1095          5.45580725 
       1096          5.45721527 
       1097          5.45522219 
       1098          5.46028808 
       1099          5.46123315 
       1100          5.46000208 
       1101          5.45317007 
       1102          5.44407566 
       1103          5.43954775 
       1104          5.43342999 
       1105          5.42514771 
       1106          5.41580283 
       1107          5.40384790 
       1108          5.39175793 
       1109          5.38348772 
       1110          5.38161230 
       1111          5.38360551 
       1112          5.38828499 
       1113          5.39841999 
       1114          5.41287280 
       1115          5.42803874 
       1116          5.44118167 
       1117          5.45359954 
       1118          5.46992417 
       1119          5.47702515 
       1120          5.48036566 
       1121          5.48930970 
       1122          5.49482974 
       1123          5.49500509 
       1124          5.49849727 
       1125          5.50232215 
       1126          5.50153779 
       1127          5.49884847 
       1128          5.49356719 
       1129          5.47868502 
       1130          5.47356604 
       1131          5.47928339 
       1132          5.47811396 
       1133          5.47719807 
       1134          5.48635181 
       1135          5.48256226 
       1136          5.46437828 
       1137          5.45733611 
       1138          5.45780599 
       1139          5.45846978 
       1140          5.46444836 
       1141          5.47096940 
       1142          5.46791639 
       1143          5.47366567 
       1144          5.48151789 
       1145          5.48584181 
       1146          5.47757838 
       1147          5.47610689 
       1148          5.47061257 
       1149          5.47722577 
       1150          5.48218252 
       1151          5.48624694 
       1152          5.48363728 
       1153          5.47163352 
       1154          5.46439404 
       1155          5.45085662 
       1156          5.44073702 
       1157          5.42440103 
       1158          5.42253773 
       1159          5.42088334 
       1160          5.41884947 
       1161          5.41784301 
       1162          5.42135236 
       1163          5.41868219 
       1164          5.42296008 
       1165          5.42603268 
       1166          5.42788844 
       1167          5.42396508 
       1168          5.42737009 
       1169          5.42737015 
       1170          5.42502880 
       1171          5.42940100 
       1172          5.43720824 
       1173          5.44802685 
       1174          5.45833035 
       1175          5.45951717 
       1176          5.45687791 
       1177          5.45600052 
       1178          5.45449372 
       1179          5.45814977 
       1180          5.46589475 
       1181          5.46700747 
       1182          5.47478540 
       1183          5.47599096 
       1184          5.47107010 
       1185          5.46779925 
       1186          5.46383641 
       1187          5.45761808 
       1188          5.44881024 
       1189          5.43826335 
       1190          5.42670638 
       1191          5.41735697 
       1192          5.41020619 
       1193          5.40018057 
       1194          5.39279968 
       1195          5.39168215 
       1196          5.39747382 
       1197          5.39951411 
       1198          5.40834200 
       1199          5.41539406 
       1200          5.41217099 
       1201          5.41540644 
       1202          5.41802828 
       1203          5.42282462 
       1204          5.42617053 
       1205          5.42792828 
       1206          5.43548703 
       1207          5.44811339 
       1208          5.45367113 
       1209          5.45680774 
       1210          5.45986262 
       1211          5.44824691 
       1212          5.44110682 
       1213          5.43740998 
       1214          5.44009162 
       1215          5.43913867 
       1216          5.44005661 
       1217          5.42812498 
       1218          5.42074563 
       1219          5.41388816 
       1220          5.41618237 
       1221          5.41869627 
       1222          5.42291591 
       1223          5.43003790 
       1224          5.43431401 
       1225          5.43869305 
       1226          5.44987997 
       1227          5.45874490 
       1228          5.47567070 
       1229          5.48655668 
       1230          5.49447875 
       1231          5.50294416 
       1232          5.51224024 
       1233          5.51270061 
       1234          5.50942398 
       1235          5.50143940 
       1236          5.49995898 
       1237          5.49172357 
       1238          5.48289534 
       1239          5.46273870 
       1240          5.44210401 
       1241          5.43049899 
       1242          5.41263243 
       1243          5.40947309 
       1244          5.40915902 
       1245          5.41169643 
       1246          5.41709568 
       1247          5.42864074 
       1248          5.44690799 
       1249          5.44686663 
       1250          5.44262266 
       1251          5.43559029 
       1252          5.42601262 
       1253          5.43059152 
       1254          5.42936607 
       1255          5.43065706 
       1256          5.43868893 
       1257          5.43778820 
       1258          5.42654640 
       1259          5.42191144 
       1260          5.41838179 
       1261          5.41692240 
       1262          5.40959264 
       1263          5.41631639 
       1264          5.42497906 
       1265          5.43351383 
       1266          5.44126950 
       1267          5.45412459 
       1268          5.46007787 
       1269          5.46495580 
       1270          5.47163641 
       1271          5.47357551 
       1272          5.46157791 
       1273          5.45028025 
       1274          5.44085475 
       1275          5.43276371 
       1276          5.42395528 
       1277          5.42255573 
       1278          5.42488197 
       1279          5.43140099 
       1280          5.43017461 
       1281          5.42663181 
       1282          5.42564746 
       1283          5.42706864 
       1284          5.42892543 
       1285          5.43269718 
       1286          5.43712036 
       1287          5.44846802 
       1288          5.45370600 
       1289          5.46498932 
       1290          5.47193109 
       1291          5.47583411 
       1292          5.47727802 
       1293          5.47356361 
       1294          5.47033706 
       1295          5.46501511 
       1296          5.46482864 
       1297          5.47024247 
       1298          5.48010801 
       1299          5.47786499 
       1300          5.47778840 
       1301          5.47403780 
       1302          5.47267509 
       1303          5.46876397 
       1304          5.46089115 
       1305          5.46282728 
       1306          5.46903545 
       1307          5.46908365 
       1308          5.46889764 
       1309          5.46936243 
       1310          5.46542096 
       1311          5.46656104 
       1312          5.47452468 
       1313          5.48109844 
       1314          5.48576520 
       1315          5.48770849 
       1316          5.48693276 
       1317          5.49030234 
       1318          5.49653005 
       1319          5.51258744 
       1320          5.53247630 
       1321          5.53895635 
       1322          5.53787151 
       1323          5.53219504 
       1324          5.52386372 
       1325          5.51687013 
       1326          5.51655850 
       1327          5.50789949 
       1328          5.49980360 
       1329          5.48712512 
       1330          5.47419418 
       1331          5.46274948 
       1332          5.45516327 
       1333          5.45023182 
       1334          5.44829118 
       1335          5.45111280 
       1336          5.44494331 
       1337          5.44190800 
       1338          5.44381308 
       1339          5.44468150 
       1340          5.45402654 
       1341          5.45678658 
       1342          5.46357481 
       1343          5.47444390 
       1344          5.48940237 
       1345          5.49433986 
       1346          5.49637194 
       1347          5.49292806 
       1348          5.49135705 
       1349          5.50168742 
       1350          5.51309428 
       1351          5.51680911 
       1352          5.52486524 
       1353          5.53149982 
       1354          5.53225872 
       1355          5.51991254 
       1356          5.51035602 
       1357          5.49817554 
       1358          5.49782894 
       1359          5.49819558 
       1360          5.49765412 
       1361          5.49671078 
       1362          5.48768132 
       1363          5.48068591 
       1364          5.48190191 
       1365          5.48466447 
       1366          5.48351079 
       1367          5.47698915 
       1368          5.47012999 
       1369          5.46443413 
       1370          5.46846639 
       1371          5.46179052 
       1372          5.47126133 
       1373          5.47993216 
       1374          5.48857521 
       1375          5.49766645 
       1376          5.50801696 
       1377          5.50284087 
       1378          5.49023028 
       1379          5.48754594 
       1380          5.49717502 
       1381          5.50244917 
       1382          5.50235901 
       1383          5.51192063 
       1384          5.50920362 
       1385          5.50067701 
       1386          5.48771551 
       1387          5.47274170 
       1388          5.45495085 
       1389          5.44202609 
       1390          5.43707491 
       1391          5.43697364 
       1392          5.44474225 
       1393          5.44301964 
       1394          5.43966575 
       1395          5.43241509 
       1396          5.43350298 
       1397          5.43566719 
       1398          5.43596738 
       1399          5.43818978 
       1400          5.44061411 
       1401          5.44161472 
       1402          5.44458654 
       1403          5.44680886 
       1404          5.44689411 
       1405          5.44071484 
       1406          5.43191927 
       1407          5.42768011 
       1408          5.42302896 
       1409          5.41743004 
       1410          5.42603399 
       1411          5.42407483 
       1412          5.42312594 
       1413          5.42405832 
       1414          5.43695577 
       1415          5.44297537 
       1416          5.44748868 
       1417          5.45054619 
       1418          5.45442356 
       1419          5.46060984 
       1420          5.46213168 
       1421          5.46212406 
       1422          5.46426296 
       1423          5.46209418 
       1424          5.46632409 
       1425          5.47624270 
       1426          5.48130306 
       1427          5.48425794 
       1428          5.49188323 
       1429          5.50158029 
       1430          5.50171555 
       1431          5.49763671 
       1432          5.49143811 
       1433          5.49372488 
       1434          5.48899401 
       1435          5.48128667 
       1436          5.46985246 
       1437          5.46808813 
       1438          5.46874905 
       1439          5.46996217 
       1440          5.46904478 
       1441          5.46630272 
       1442          5.45933122 
       1443          5.46840180 
       1444          5.48061759 
       1445          5.48968032 
       1446          5.48774498 
       1447          5.48717721 
       1448          5.49056264 
       1449          5.49186398 
       1450          5.48993485 
       1451          5.49396322 
       1452          5.49901168 
       1453          5.49768064 
       1454          5.48543144 
       1455          5.47113750 
       1456          5.45954682 
       1457          5.45414130 
       1458          5.45056689 
       1459          5.45096555 
       1460          5.45377641 
       1461          5.45703847 
       1462          5.45760234 
       1463          5.45575308 
       1464          5.45227929 
       1465          5.45951359 
       1466          5.46321767 
       1467          5.46038150 
       1468          5.46447867 
       1469          5.47023786 
       1470          5.48161660 
       1471          5.48894280 
       1472          5.49698998 
       1473          5.49863047 
       1474          5.49260480 
       1475          5.48510325 
       1476          5.48082155 
       1477          5.48986234 
       1478          5.49330544 
       1479          5.49373965 
       1480          5.49302159 
       1481          5.50918055 
       1482          5.51533379 
       1483          5.51079588 
       1484          5.51143275 
       1485          5.50285086 
       1486          5.49063706 
       1487          5.47901983 
       1488          5.46490422 
       1489          5.45125971 
       1490          5.44134640 
       1491          5.44028521 
       1492          5.44462984 
       1493          5.44184881 
       1494          5.44089486 
       1495          5.43612201 
       1496          5.44301055 
       1497          5.45497632 
       1498          5.46077196 
       1499          5.46442114 
       1500          5.47030088 
       1501          5.47716728 
       1502          5.47833406 
       1503          5.47771752 
       1504          5.47992974 
       1505          5.48532622 
       1506          5.48566637 
       1507          5.48051581 
       1508          5.48436373 
       1509          5.49566488 
       1510          5.49845963 
       1511          5.48775531 
       1512          5.47730103 
       1513          5.45987225 
       1514          5.44876437 
       1515          5.43664198 
       1516          5.43277695 
       1517          5.42638623 
       1518          5.42066189 
       1519          5.42560772 
       1520          5.42625985 
       1521          5.42669661 
       1522          5.42831239 
       1523          5.43844943 
       1524          5.45408548 
       1525          5.46312967 
       1526          5.47271652 
       1527          5.48259464 
       1528          5.48252051 
       1529          5.47807706 
       1530          5.48371839 
       1531          5.48096017 
       1532          5.48037183 
       1533          5.46919003 
       1534          5.45223094 
       1535          5.43861195 
       1536          5.43232322 
       1537          5.43092243 
       1538          5.43669018 
       1539          5.44887379 
       1540          5.44859112 
       1541          5.44490419 
       1542          5.43110924 
       1543          5.42962103 
       1544          5.42868700 
       1545          5.43279826 
       1546          5.44225232 
       1547          5.45156072 
       1548          5.45243328 
       1549          5.44862531 
       1550          5.44162773 
       1551          5.43326843 
       1552          5.42702338 
       1553          5.42489446 
       1554          5.42710734 
       1555          5.43673597 
       1556          5.45430108 
       1557          5.45921141 
       1558          5.46033745 
       1559          5.47059586 
       1560          5.47808172 
       1561          5.48298984 
       1562          5.48178677 
       1563          5.47567013 
       1564          5.47647342 
       1565          5.47241102 
       1566          5.46797521 
       1567          5.46791504 
       1568          5.46238916 
       1569          5.45847952 
       1570          5.44663824 
       1571          5.43944496 
       1572          5.42773233 
       1573          5.41819540 
       1574          5.41816052 
       1575          5.41901987 
       1576          5.41809447 
       1577          5.41004061 
       1578          5.40672926 
       1579          5.40498483 
       1580          5.40279418 
       1581          5.40488808 
       1582          5.41110384 
       1583          5.41911016 
       1584          5.42928895 
       1585          5.44569299 
       1586          5.46640354 
       1587          5.48054841 
       1588          5.49187002 
       1589          5.48427430 
       1590          5.48088775 
       1591          5.48042413 
       1592          5.48287009 
       1593          5.48181646 
       1594          5.46955097 
       1595          5.45355634 
       1596          5.44352403 
       1597          5.44659617 
       1598          5.44798861 
       1599          5.45286302 
       1600          5.46636788 
       1601          5.47302102 
       1602          5.46730839 
       1603          5.46103460 
       1604          5.46440195 
       1605          5.47327847 
       1606          5.48008208 
       1607          5.48401363 
       1608          5.48613860 
       1609          5.48925399 
       1610          5.49370143 
       1611          5.48975775 
       1612          5.49295453 
       1613          5.49125083 
       1614          5.49442337 
       1615          5.49620699 
       1616          5.49094541 
       1617          5.47899385 
       1618          5.47234982 
       1619          5.45964724 
       1620          5.45280230 
       1621          5.43785349 
       1622          5.42284699 
       1623          5.42873034 
       1624          5.43399892 
       1625          5.43871143 
       1626          5.44002234 
       1627          5.42760028 
       1628          5.41405021 
       1629          5.40635764 
       1630          5.40356548 
       1631          5.40314636 
       1632          5.40745140 
       1633          5.41916405 
       1634          5.42822221 
       1635          5.43723123 
       1636          5.44842173 
       1637          5.45651842 
       1638          5.45830673 
       1639          5.45999876 
       1640          5.45030009 
       1641          5.44310691 
       1642          5.43979041 
       1643          5.43497874 
       1644          5.43606542 
       1645          5.44028988 
       1646          5.44112854 
       1647          5.43740445 
       1648          5.43581066 
       1649          5.42524781 
       1650          5.42439884 
       1651          5.42875476 
       1652          5.43469803 
       1653          5.44098996 
       1654          5.44046929 
       1655          5.45257025 
       1656          5.46094550 
       1657          5.46373584 
       1658          5.46727257 
       1659          5.46660554 
       1660          5.46281778 
       1661          5.46165683 
       1662          5.46421927 
       1663          5.45970736 
       1664          5.45449297 
       1665          5.45290684 
       1666          5.46609481 
       1667          5.47829033 
       1668          5.48842417 
       1669          5.48966975 
       1670          5.47736254 
       1671          5.46736036 
       1672          5.46637068 
       1673          5.46672035 
       1674          5.46295039 
       1675          5.46134689 
       1676          5.46602646 
       1677          5.47174300 
       1678          5.47400610 
       1679          5.47591130 
       1680          5.48443853 
       1681          5.48702246 
       1682          5.48636740 
       1683          5.47791803 
       1684          5.47423721 
       1685          5.46825646 
       1686          5.46394763 
       1687          5.46574449 
       1688          5.47364863 
       1689          5.47708898 
       1690          5.47832668 
       1691          5.46652257 
       1692          5.45585565 
       1693          5.44841962 
       1694          5.44415456 
       1695          5.43052510 
       1696          5.42634203 
       1697          5.42116118 
       1698          5.41201521 
       1699          5.40756337 
       1700          5.41167291 
       1701          5.42263892 
       1702          5.42963848 
       1703          5.43890996 
       1704          5.44680840 
       1705          5.44889314 
       1706          5.45418607 
       1707          5.45985354 
       1708          5.46736220 
       1709          5.47103033 
       1710          5.48027448 
       1711          5.48870258 
       1712          5.49747134 
       1713          5.50079048 
       1714          5.50345552 
       1715          5.51636408 
       1716          5.52328969 
       1717          5.52423828 
       1718          5.51297551 
       1719          5.50176315 
       1720          5.49524739 
       1721          5.49948914 
       1722          5.50135905 
       1723          5.50275572 
       1724          5.50429733 
       1725          5.50102359 
       1726          5.49950616 
       1727          5.48970639 
       1728          5.48193156 
       1729          5.47944128 
       1730          5.48233597 
       1731          5.48175281 
       1732          5.48083472 
       1733          5.47898342 
       1734          5.47385035 
       1735          5.46765388 
       1736          5.46351806 
       1737          5.46627103 
       1738          5.46811435 
       1739          5.48224475 
       1740          5.49248100 
       1741          5.49658365 
       1742          5.49588175 
       1743          5.49987908 
       1744          5.50262268 
       1745          5.50420793 
       1746          5.51091231 
       1747          5.51073376 
       1748          5.50937299 
       1749          5.49566304 
       1750          5.49753248 
       1751          5.50286035 
       1752          5.51468411 
       1753          5.52922441 
       1754          5.53505346 
       1755          5.54200748 
       1756          5.54421083 
       1757          5.53799839 
       1758          5.52842984 
       1759          5.52138532 
       1760          5.51515889 
       1761          5.51227275 
       1762          5.50552791 
       1763          5.49833367 
       1764          5.48518768 
       1765          5.48078236 
       1766          5.47117756 
       1767          5.46191197 
       1768          5.45114788 
       1769          5.44016614 
       1770          5.42798188 
       1771          5.42339075 
       1772          5.41706233 
       1773          5.42898536 
       1774          5.44035288 
       1775          5.44705381 
       1776          5.45197056 
       1777          5.44547293 
       1778          5.44266743 
       1779          5.44322667 
       1780          5.43877722 
       1781          5.43034757 
       1782          5.42028542 
       1783          5.41023950 
       1784          5.41201476 
       1785          5.41878064 
       1786          5.42867655 
       1787          5.43275486 
       1788          5.44021974 
       1789          5.43781715 
       1790          5.43984572 
       1791          5.43723512 
       1792          5.43667663 
       1793          5.43602084 
       1794          5.43974042 
       1795          5.45661758 
       1796          5.47792893 
       1797          5.48233907 
       1798          5.48331185 
       1799          5.48138720 
       1800          5.47362403 
       1801          5.46558444 
       1802          5.46190537 
       1803          5.46422035 
       1804          5.45450600 
       1805          5.43698346 
       1806          5.43009981 
       1807          5.42546696 
       1808          5.42803394 
       1809          5.42973540 
       1810          5.43173149 
       1811          5.43256995 
       1812          5.43742573 
       1813          5.43710981 
       1814          5.43455258 
       1815          5.44124124 
       1816          5.44565191 
       1817          5.44714239 
       1818          5.45242346 
       1819          5.45632506 
       1820          5.45909625 
       1821          5.46438175 
       1822          5.46375052 
       1823          5.46464500 
       1824          5.45524120 
       1825          5.44629702 
       1826          5.43911700 
       1827          5.44457431 
       1828          5.45890698 
       1829          5.47666059 
       1830          5.50063534 
       1831          5.52173606 
       1832          5.52765150 
       1833          5.52780557 
       1834          5.52185440 
       1835          5.50951033 
       1836          5.49704265 
       1837          5.47834666 
       1838          5.45927005 
       1839          5.43772980 
       1840          5.42041645 
       1841          5.40653424 
       1842          5.40713291 
       1843          5.40694769 
       1844          5.41467535 
       1845          5.41800225 
       1846          5.41583898 
       1847          5.41498512 
       1848          5.42280460 
       1849          5.42956173 
       1850          5.43993663 
       1851          5.44833892 
       1852          5.46289183 
       1853          5.47517587 
       1854          5.48816499 
       1855          5.49933489 
       1856          5.51393334 
       1857          5.51651986 
       1858          5.50833243 
       1859          5.50837049 
       1860          5.49411476 
       1861          5.47512431 
       1862          5.46229968 
       1863          5.45020989 
       1864          5.43670149 
       1865          5.42968616 
       1866          5.42438200 
       1867          5.43704976 
       1868          5.43817712 
       1869          5.44759279 
       1870          5.45641481 
       1871          5.46397414 
       1872          5.47583160 
       1873          5.48031770 
       1874          5.48780214 
       1875          5.49068832 
       1876          5.49845616 
       1877          5.50355378 
       1878          5.50511037 
       1879          5.50611930 
       1880          5.49851892 
       1881          5.48970474 
       1882          5.49140945 
       1883          5.50014531 
       1884          5.51064406 
       1885          5.51750804 
       1886          5.52435925 
       1887          5.52226999 
       1888          5.51699518 
       1889          5.51388729 
       1890          5.50428358 
       1891          5.49592579 
       1892          5.49027675 
       1893          5.48797220 
       1894          5.48298165 
       1895          5.47799894 
       1896          5.47056118 
       1897          5.46082547 
       1898          5.45479396 
       1899          5.45352316 
       1900          5.45055617 
       1901          5.43867494 
       1902          5.42884227 
       1903          5.43003193 
       1904          5.43613567 
       1905          5.43772995 
       1906          5.43586414 
       1907          5.43551628 
       1908          5.43186620 
       1909          5.43444130 
       1910          5.44505132 
       1911          5.45570895 
       1912          5.47018444 
       1913          5.48413026 
       1914          5.48813188 
       1915          5.48383392 
       1916          5.48505965 
       1917          5.47801426 
       1918          5.45960130 
       1919          5.44352295 
       1920          5.44160721 
       1921          5.44301451 
       1922          5.44639737 
       1923          5.44713454 
       1924          5.45202281 
       1925          5.46070732 
       1926          5.46312655 
       1927          5.45509184 
       1928          5.46126440 
       1929          5.45904110 
       1930          5.45654919 
       1931          5.46317389 
       1932          5.46406385 
       1933          5.46353506 
       1934          5.46052950 
       1935          5.45732077 
       1936          5.45630994 
       1937          5.44819002 
       1938          5.45099338 
       1939          5.45119665 
       1940          5.46118491 
       1941          5.46117950 
       1942          5.45361438 
       1943          5.45416619 
       1944          5.44998081 
       1945          5.43578387 
       1946          5.42488732 
       1947          5.42692903 
       1948          5.43099740 
       1949          5.43860326 
       1950          5.44472408 
       1951          5.45012319 
       1952          5.45393851 
       1953          5.45898125 
       1954          5.47930575 
       1955          5.48467929 
       1956          5.49375285 
       1957          5.50001447 
       1958          5.49752808 
       1959          5.49132612 
       1960          5.47638131 
       1961          5.46742722 
       1962          5.46891426 
       1963          5.46999710 
       1964          5.47704494 
       1965          5.47953875 
       1966          5.47470526 
       1967          5.46389129 
       1968          5.45691015 
       1969          5.45966723 
       1970          5.45854607 
       1971          5.46664737 
       1972          5.47469364 
       1973          5.47596021 
       1974          5.47835228 
       1975          5.47562514 
       1976          5.46888399 
       1977          5.45739702 
       1978          5.44453710 
       1979          5.43712001 
       1980          5.43528564 
       1981          5.44137493 
       1982          5.44992326 
       1983          5.46074781 
       1984          5.47755538 
       1985          5.49151348 
       1986          5.50743677 
       1987          5.52016475 
       1988          5.52605313 
       1989          5.52327899 
       1990          5.52545356 
       1991          5.51790981 
       1992          5.51046000 
       1993          5.50574678 
       1994          5.49454628 
       1995          5.49653127 
       1996          5.48991408 
       1997          5.48569121 
       1998          5.46831733 
       1999          5.46173295 
       2000          5.46309466 
